episode,steps,score,coins,crates,bombs,reward,epsilon,killed_self,survived,states_visited
1,11,0,0,3,1,-8.21,0.9995,1,0,6
2,10,0,0,6,1,-5.35,0.999,1,0,11
3,5,0,0,2,1,-5.95,0.9986,1,0,15
4,12,0,0,3,1,-6.42,0.9981,1,0,21
5,14,0,0,3,1,-7.34,0.9976,1,0,27
6,20,0,0,5,1,-10.25,0.9971,1,0,30
7,7,0,0,1,1,-6.82,0.9967,1,0,35
8,5,0,0,3,1,-5.55,0.9962,1,0,36
9,5,0,0,3,1,-6.05,0.9957,1,0,40
10,14,0,0,4,1,-6.94,0.9952,1,0,44
11,7,0,0,2,1,-6.37,0.9948,1,0,49
12,9,0,0,4,1,-6.94,0.9943,1,0,51
13,6,0,0,3,1,-5.71,0.9938,1,0,51
14,20,0,0,2,1,-8.2,0.9933,1,0,54
15,12,0,0,3,1,-8.17,0.9929,1,0,57
16,27,0,0,5,1,-10.87,0.9924,1,0,63
17,7,0,0,2,1,-4.92,0.9919,1,0,66
18,10,0,0,3,1,-6.25,0.9915,1,0,69
19,25,0,0,3,1,-11.5,0.991,1,0,70
20,7,0,0,3,1,-6.67,0.9905,1,0,71
21,8,0,0,3,1,-6.68,0.99,1,0,71
22,9,0,0,3,1,-6.69,0.9896,1,0,72
23,14,0,0,6,1,-4.74,0.9891,1,0,73
24,5,0,0,3,1,-5.1,0.9886,1,0,73
25,31,0,0,5,2,-11.21,0.9881,1,0,74
26,9,0,0,3,1,-5.79,0.9877,1,0,76
27,11,0,0,3,1,-7.21,0.9872,1,0,76
28,17,0,0,1,1,-9.32,0.9867,1,0,80
29,5,0,0,3,1,-5.2,0.9862,1,0,80
30,15,0,0,5,1,-9.2,0.9858,1,0,80
31,11,0,0,1,1,-8.86,0.9853,1,0,80
32,12,0,0,2,1,-7.62,0.9848,1,0,80
33,7,0,0,3,1,-5.72,0.9843,1,0,81
34,5,0,0,3,1,-5.65,0.9839,1,0,82
35,6,0,0,2,1,-5.06,0.9834,1,0,82
36,14,0,0,5,1,-7.79,0.9829,1,0,82
37,5,0,0,3,1,-5.2,0.9824,1,0,84
38,5,0,0,4,1,-5.35,0.9819,1,0,84
39,20,0,0,3,1,-8.5,0.9815,1,0,84
40,5,0,0,4,1,-5.35,0.981,1,0,86
41,23,0,0,4,2,-7.63,0.9805,1,0,86
42,13,0,0,1,1,-7.43,0.98,1,0,90
43,6,0,0,2,1,-6.01,0.9796,1,0,90
44,12,0,0,3,1,-5.47,0.9791,1,0,90
45,17,0,0,5,2,-7.32,0.9786,1,0,92
46,5,0,0,4,1,-5.35,0.9781,1,0,92
47,16,0,0,3,1,-8.96,0.9777,1,0,92
48,10,0,0,2,1,-6.6,0.9772,1,0,92
49,6,0,0,3,1,-5.66,0.9767,1,0,92
50,20,0,0,3,1,-10.4,0.9762,1,0,92
51,12,0,0,5,1,-7.12,0.9758,1,0,92
52,10,0,0,4,1,-6.0,0.9753,1,0,92
53,8,0,0,1,1,-7.68,0.9748,1,0,92
54,7,0,0,1,1,-6.37,0.9744,1,0,92
55,8,0,0,4,1,-6.38,0.9739,1,0,93
56,10,0,0,3,1,-5.8,0.9734,1,0,93
57,5,0,0,3,1,-5.7,0.9729,1,0,93
58,28,0,0,3,1,-10.68,0.9725,1,0,93
59,6,0,0,2,1,-5.56,0.972,1,0,93
60,6,0,0,2,1,-5.96,0.9715,1,0,95
61,10,0,0,3,1,-5.35,0.971,1,0,95
62,7,0,0,1,1,-6.82,0.9706,1,0,95
63,5,0,0,4,1,-4.8,0.9701,1,0,95
64,7,0,0,2,1,-5.12,0.9696,1,0,95
65,28,0,0,5,2,-9.83,0.9691,1,0,95
66,18,0,0,3,1,-7.48,0.9687,1,0,96
67,7,0,0,3,1,-5.77,0.9682,1,0,96
68,15,0,0,4,1,-8.1,0.9677,1,0,96
69,5,0,0,2,1,-5.0,0.9672,1,0,99
70,5,0,0,3,1,-5.7,0.9667,1,0,99
71,7,0,0,3,1,-6.27,0.9663,1,0,100
72,6,0,0,3,1,-4.76,0.9658,1,0,100
73,9,0,0,3,1,-7.19,0.9653,1,0,100
74,6,0,0,4,1,-6.36,0.9648,1,0,100
75,11,0,0,3,1,-8.21,0.9644,1,0,100
76,6,0,0,1,1,-5.86,0.9639,1,0,101
77,7,0,0,3,1,-5.72,0.9634,1,0,101
78,14,0,0,2,1,-7.29,0.9629,1,0,101
79,9,0,0,3,1,-6.34,0.9625,1,0,101
80,20,0,0,2,1,-9.7,0.962,1,0,101
81,6,0,0,3,1,-6.16,0.9615,1,0,101
82,9,0,0,1,1,-6.44,0.961,1,0,101
83,5,0,0,4,1,-5.35,0.9606,1,0,101
84,6,0,0,3,1,-5.26,0.9601,1,0,101
85,9,0,0,3,1,-6.79,0.9596,1,0,101
86,6,0,0,3,1,-5.11,0.9591,1,0,101
87,10,0,0,3,1,-6.65,0.9587,1,0,101
88,14,0,0,2,1,-7.14,0.9582,1,0,102
89,6,0,0,3,1,-6.16,0.9577,1,0,102
90,11,0,0,2,1,-6.61,0.9573,1,0,104
91,6,0,0,2,1,-6.01,0.9568,1,0,104
92,5,0,0,4,1,-4.9,0.9563,1,0,104
93,8,0,0,1,1,-5.93,0.9558,1,0,104
94,7,0,0,4,1,-4.82,0.9554,1,0,104
95,10,0,0,3,1,-5.7,0.9549,1,0,104
96,13,0,0,2,1,-7.28,0.9544,1,0,104
97,11,0,0,4,1,-5.21,0.9539,1,0,104
98,6,0,0,2,1,-6.36,0.9535,1,0,104
99,5,0,0,3,1,-6.05,0.953,1,0,104
100,12,0,0,4,1,-7.02,0.9525,1,0,104
101,8,0,0,2,1,-6.58,0.952,1,0,104
102,7,0,0,3,1,-6.17,0.9516,1,0,104
103,8,0,0,1,1,-6.38,0.9511,1,0,105
104,5,0,0,3,1,-5.2,0.9506,1,0,105
105,6,0,0,4,1,-5.41,0.9501,1,0,105
106,5,0,0,4,1,-4.9,0.9496,1,0,105
107,6,0,0,3,1,-5.11,0.9492,1,0,105
108,5,0,0,4,1,-5.35,0.9487,1,0,105
109,6,0,0,1,1,-6.31,0.9482,1,0,107
110,8,0,0,2,1,-7.03,0.9477,1,0,107
111,7,0,0,2,1,-5.57,0.9473,1,0,107
112,7,0,0,3,1,-6.67,0.9468,1,0,107
113,17,0,0,4,2,-7.52,0.9463,1,0,108
114,6,0,0,4,1,-5.46,0.9458,1,0,108
115,6,0,0,4,1,-5.81,0.9454,1,0,108
116,6,0,0,3,1,-4.71,0.9449,1,0,108
117,9,0,0,4,1,-5.94,0.9444,1,0,111
118,12,0,0,4,1,-6.57,0.9439,1,0,111
119,9,0,0,2,1,-5.94,0.9435,1,0,111
120,6,0,0,3,1,-5.71,0.943,1,0,111
121,10,0,0,3,1,-6.75,0.9425,1,0,111
122,10,0,0,3,1,-7.25,0.9421,1,0,111
123,9,0,0,2,1,-6.64,0.9416,1,0,111
124,9,0,0,2,1,-6.09,0.9411,1,0,112
125,12,0,0,3,1,-7.87,0.9406,1,0,112
126,5,0,0,2,1,-5.95,0.9402,1,0,112
127,6,0,0,4,1,-5.41,0.9397,1,0,112
128,9,0,0,2,1,-6.59,0.9392,1,0,112
129,5,0,0,3,1,-4.65,0.9387,1,0,112
130,5,0,0,2,1,-6.45,0.9383,1,0,112
131,10,0,0,4,1,-5.5,0.9378,1,0,112
132,6,0,0,2,1,-6.01,0.9373,1,0,112
133,7,0,0,1,1,-6.82,0.9368,1,0,112
134,14,0,0,4,1,-6.09,0.9364,1,0,117
135,7,0,0,3,1,-5.72,0.9359,1,0,117
136,6,0,0,2,1,-6.01,0.9354,1,0,117
137,5,0,0,2,1,-5.95,0.9349,1,0,117
138,11,0,0,2,1,-7.66,0.9345,1,0,117
139,8,0,0,3,1,-6.13,0.934,1,0,117
140,5,0,0,3,1,-5.2,0.9335,1,0,117
141,6,0,0,1,1,-6.36,0.933,1,0,117
142,5,0,0,3,1,-4.75,0.9325,1,0,117
143,11,0,0,3,1,-6.21,0.9321,1,0,117
144,11,0,0,4,1,-5.46,0.9316,1,0,119
145,11,0,0,3,1,-7.21,0.9311,1,0,119
146,8,0,0,4,1,-5.33,0.9306,1,0,119
147,5,0,0,4,1,-5.75,0.9302,1,0,119
148,5,0,0,3,1,-4.75,0.9297,1,0,119
149,5,0,0,3,1,-5.1,0.9292,1,0,119
150,5,0,0,4,1,-5.35,0.9287,1,0,119
151,9,0,0,3,1,-5.79,0.9283,1,0,119
152,5,0,0,3,1,-5.1,0.9278,1,0,120
153,6,0,0,4,1,-4.06,0.9273,1,0,120
154,11,0,0,2,1,-6.61,0.9268,1,0,120
155,6,0,0,2,1,-5.56,0.9264,1,0,120
156,12,0,0,2,1,-6.22,0.9259,1,0,121
157,5,0,0,4,1,-4.9,0.9254,1,0,121
158,7,0,0,2,1,-5.62,0.925,1,0,121
159,6,0,0,1,1,-5.76,0.9245,1,0,121
160,8,0,0,0,1,-6.63,0.924,1,0,121
161,7,0,0,2,1,-6.07,0.9235,1,0,122
162,7,0,0,2,1,-6.02,0.9231,1,0,122
163,5,0,0,3,1,-4.7,0.9226,1,0,122
164,7,0,0,1,1,-6.27,0.9221,1,0,123
165,5,0,0,3,1,-5.25,0.9216,1,0,123
166,10,0,0,3,1,-5.8,0.9212,1,0,123
167,10,0,0,2,1,-6.2,0.9207,1,0,123
168,5,0,0,3,1,-5.2,0.9202,1,0,123
169,10,0,0,4,1,-6.0,0.9197,1,0,123
170,12,0,0,4,1,-5.47,0.9193,1,0,123
171,8,0,0,3,1,-7.18,0.9188,1,0,123
172,7,0,0,2,1,-5.57,0.9183,1,0,123
173,5,0,0,3,1,-5.2,0.9178,1,0,123
174,5,0,0,4,1,-4.45,0.9173,1,0,123
175,24,0,0,5,2,-8.34,0.9169,1,0,124
176,14,0,0,3,1,-7.84,0.9164,1,0,124
177,7,0,0,1,1,-6.32,0.9159,1,0,124
178,9,0,0,2,1,-6.44,0.9154,1,0,124
179,8,0,0,3,1,-6.28,0.915,1,0,125
180,5,0,0,4,1,-4.25,0.9145,1,0,125
181,13,0,0,7,2,-4.63,0.914,1,0,127
182,5,0,0,4,1,-4.45,0.9135,1,0,127
183,7,0,0,3,1,-6.07,0.9131,1,0,127
184,6,0,0,1,1,-6.76,0.9126,1,0,127
185,11,0,0,3,1,-5.86,0.9121,1,0,127
186,5,0,0,3,1,-5.65,0.9116,1,0,127
187,6,0,0,3,1,-5.66,0.9112,1,0,127
188,28,0,0,1,1,-8.83,0.9107,1,0,127
189,12,0,0,3,1,-6.27,0.9102,1,0,127
190,6,0,0,2,1,-6.46,0.9098,1,0,127
191,6,0,0,4,1,-5.86,0.9093,1,0,127
192,6,0,0,2,1,-5.86,0.9088,1,0,127
193,6,0,0,3,1,-6.16,0.9083,1,0,127
194,5,0,0,3,1,-5.15,0.9079,1,0,128
195,6,0,0,2,1,-6.01,0.9074,1,0,128
196,6,0,0,2,1,-5.96,0.9069,1,0,128
197,13,0,0,3,1,-5.78,0.9064,1,0,128
198,6,0,0,2,1,-5.51,0.906,1,0,128
199,5,0,0,2,1,-5.45,0.9055,1,0,128
200,19,0,0,5,2,-7.54,0.905,1,0,128
201,6,0,0,3,1,-6.56,0.9045,1,0,128
202,5,0,0,3,1,-5.15,0.9041,1,0,128
203,9,0,0,2,1,-6.04,0.9036,1,0,128
204,6,0,0,1,1,-4.76,0.9031,1,0,128
205,7,0,0,2,1,-6.52,0.9026,1,0,128
206,25,0,0,9,3,-8.5,0.9022,1,0,128
207,14,0,0,4,1,-8.49,0.9017,1,0,128
208,6,0,0,3,1,-5.21,0.9012,1,0,128
209,6,0,0,3,1,-5.66,0.9007,1,0,128
210,5,0,0,4,1,-5.35,0.9002,1,0,128
211,6,0,0,1,1,-6.31,0.8998,1,0,129
212,5,0,0,3,1,-5.65,0.8993,1,0,129
213,33,1,1,11,3,-6.88,0.8988,1,0,131
214,5,0,0,4,1,-4.95,0.8983,1,0,131
215,7,0,0,2,1,-6.52,0.8979,1,0,131
216,5,0,0,2,1,-5.9,0.8974,1,0,131
217,5,0,0,2,1,-5.5,0.8969,1,0,131
218,6,0,0,1,1,-6.31,0.8964,1,0,131
219,5,0,0,3,1,-5.2,0.896,1,0,131
220,21,0,0,1,1,-7.76,0.8955,1,0,133
221,11,0,0,3,1,-5.81,0.895,1,0,133
222,5,0,0,3,1,-5.65,0.8945,1,0,133
223,5,0,0,3,1,-5.2,0.8941,1,0,133
224,6,0,0,1,1,-6.26,0.8936,1,0,133
225,5,0,0,4,1,-5.35,0.8931,1,0,133
226,18,0,0,4,2,-6.28,0.8926,1,0,133
227,6,0,0,4,1,-5.41,0.8922,1,0,133
228,14,0,0,1,1,-8.04,0.8917,1,0,133
229,14,0,0,2,1,-7.64,0.8912,1,0,133
230,5,0,0,4,1,-4.45,0.8908,1,0,133
231,6,0,0,3,1,-5.26,0.8903,1,0,133
232,6,0,0,3,1,-6.16,0.8898,1,0,133
233,13,0,0,4,2,-5.43,0.8893,1,0,134
234,8,0,0,1,1,-6.43,0.8889,1,0,134
235,6,0,0,3,1,-5.71,0.8884,1,0,134
236,9,0,0,2,1,-6.14,0.8879,1,0,134
237,15,0,0,5,2,-6.05,0.8874,1,0,135
238,9,0,0,3,1,-4.84,0.887,1,0,135
239,6,0,0,4,1,-5.86,0.8865,1,0,135
240,6,0,0,3,1,-5.31,0.886,1,0,135
241,6,0,0,3,1,-5.26,0.8855,1,0,135
242,11,0,0,2,1,-5.56,0.8851,1,0,135
243,12,0,0,2,1,-6.67,0.8846,1,0,135
244,16,0,0,5,2,-7.31,0.8841,1,0,136
245,5,0,0,4,1,-4.9,0.8836,1,0,136
246,7,0,0,5,1,-4.57,0.8831,1,0,137
247,7,0,0,3,1,-6.17,0.8827,1,0,137
248,5,0,0,4,1,-4.45,0.8822,1,0,137
249,6,0,0,4,1,-5.31,0.8817,1,0,137
250,19,0,0,2,2,-7.69,0.8812,1,0,138
251,6,0,0,2,1,-6.01,0.8808,1,0,138
252,5,0,0,3,1,-6.15,0.8803,1,0,138
253,17,0,0,3,2,-7.92,0.8798,1,0,139
254,5,0,0,3,1,-5.65,0.8793,1,0,139
255,10,0,0,3,1,-5.15,0.8789,1,0,139
256,6,0,0,3,1,-4.76,0.8784,1,0,139
257,14,0,0,2,1,-8.09,0.8779,1,0,139
258,13,0,0,8,2,-5.33,0.8775,1,0,139
259,6,0,0,3,1,-5.61,0.877,1,0,139
260,6,0,0,2,1,-4.96,0.8765,1,0,140
261,5,0,0,3,1,-5.1,0.876,1,0,140
262,16,0,0,4,2,-7.96,0.8756,1,0,140
263,15,0,0,8,2,-5.4,0.8751,1,0,140
264,7,0,0,1,1,-6.37,0.8746,1,0,140
265,5,0,0,4,1,-5.35,0.8741,1,0,140
266,8,0,0,2,1,-6.08,0.8737,1,0,140
267,19,0,0,2,2,-7.69,0.8732,1,0,140
268,5,0,0,3,1,-5.25,0.8727,1,0,140
269,19,0,0,4,2,-7.99,0.8722,1,0,141
270,12,0,0,3,1,-6.87,0.8718,1,0,141
271,5,0,0,1,1,-5.35,0.8713,1,0,142
272,10,0,0,2,1,-6.1,0.8708,1,0,142
273,5,0,0,2,1,-5.95,0.8703,1,0,142
274,24,0,0,3,2,-9.99,0.8699,1,0,142
275,5,0,0,2,1,-5.5,0.8694,1,0,142
276,6,0,0,4,1,-5.41,0.8689,1,0,142
277,5,0,0,3,1,-5.25,0.8684,1,0,142
278,5,0,0,4,1,-4.9,0.8679,1,0,142
279,12,0,0,3,2,-6.32,0.8675,1,0,146
280,16,0,0,1,2,-7.46,0.867,1,0,146
281,17,0,0,6,2,-8.27,0.8665,1,0,146
282,5,0,0,3,1,-5.65,0.866,1,0,146
283,6,0,0,3,1,-5.16,0.8656,1,0,146
284,5,0,0,3,1,-5.2,0.8651,1,0,146
285,7,0,0,3,1,-5.32,0.8646,1,0,146
286,5,0,0,2,1,-5.45,0.8641,1,0,146
287,6,0,0,2,1,-6.01,0.8637,1,0,146
288,29,0,0,6,3,-11.04,0.8632,1,0,146
289,7,0,0,3,1,-5.32,0.8627,1,0,146
290,6,0,0,2,1,-6.26,0.8622,1,0,146
291,10,0,0,2,1,-7.0,0.8618,1,0,146
292,5,0,0,2,1,-5.95,0.8613,1,0,146
293,5,0,0,3,1,-4.75,0.8608,1,0,146
294,16,0,0,7,2,-5.11,0.8603,1,0,146
295,11,0,0,1,1,-6.91,0.8599,1,0,146
296,9,0,0,2,1,-5.99,0.8594,1,0,146
297,7,0,0,3,1,-4.77,0.8589,1,0,146
298,16,0,0,5,2,-8.66,0.8585,1,0,146
299,8,0,0,2,1,-6.08,0.858,1,0,146
300,6,0,0,2,1,-5.96,0.8575,1,0,146
301,24,0,0,6,2,-8.24,0.857,1,0,146
302,17,0,0,3,1,-7.57,0.8566,1,0,146
303,15,0,0,3,1,-7.35,0.8561,1,0,146
304,10,0,0,3,1,-7.3,0.8556,1,0,146
305,9,0,0,3,1,-5.74,0.8551,1,0,146
306,5,0,0,3,1,-5.55,0.8547,1,0,146
307,10,0,0,2,1,-7.0,0.8542,1,0,146
308,9,0,0,2,1,-6.04,0.8537,1,0,147
309,24,0,0,5,2,-8.99,0.8532,1,0,147
310,13,0,0,3,1,-6.88,0.8528,1,0,147
311,6,0,0,3,1,-5.71,0.8523,1,0,148
312,5,0,0,3,1,-5.25,0.8518,1,0,148
313,23,0,0,8,3,-7.08,0.8513,1,0,153
314,6,0,0,2,1,-6.01,0.8508,1,0,153
315,5,0,0,4,1,-5.35,0.8504,1,0,153
316,6,0,0,3,1,-6.11,0.8499,1,0,153
317,7,0,0,3,1,-5.77,0.8494,1,0,153
318,8,0,0,3,1,-6.28,0.8489,1,0,153
319,5,0,0,3,1,-5.2,0.8485,1,0,153
320,16,0,0,6,2,-6.56,0.848,1,0,153
321,11,0,0,3,1,-5.86,0.8475,1,0,153
322,5,0,0,4,1,-5.85,0.847,1,0,153
323,6,0,0,1,1,-6.31,0.8466,1,0,153
324,7,0,0,4,1,-5.92,0.8461,1,0,153
325,7,0,0,3,1,-4.37,0.8456,1,0,153
326,5,0,0,4,1,-4.7,0.8452,1,0,153
327,5,0,0,4,1,-4.45,0.8447,1,0,153
328,7,0,0,2,1,-6.27,0.8442,1,0,153
329,19,0,0,4,2,-8.99,0.8437,1,0,154
330,11,0,0,2,1,-8.06,0.8433,1,0,154
331,31,0,0,6,4,-9.56,0.8428,1,0,155
332,6,0,0,3,1,-5.61,0.8423,1,0,155
333,26,0,0,3,3,-9.51,0.8418,1,0,155
334,5,0,0,3,1,-5.15,0.8414,1,0,155
335,15,0,0,3,1,-8.85,0.8409,1,0,155
336,7,0,0,3,1,-6.17,0.8404,1,0,155
337,5,0,0,3,1,-5.1,0.8399,1,0,155
338,5,0,0,4,1,-5.4,0.8395,1,0,155
339,14,0,0,4,2,-7.09,0.839,1,0,155
340,7,0,0,2,1,-5.12,0.8385,1,0,155
341,37,0,0,5,4,-11.62,0.838,1,0,155
342,7,0,0,1,1,-6.77,0.8376,1,0,155
343,5,0,0,2,1,-5.0,0.8371,1,0,155
344,7,0,0,2,1,-6.07,0.8366,1,0,155
345,5,0,0,4,1,-4.85,0.8361,1,0,155
346,7,0,0,3,1,-6.22,0.8357,1,0,155
347,5,0,0,4,1,-5.35,0.8352,1,0,155
348,7,0,0,3,1,-6.17,0.8347,1,0,155
349,6,0,0,3,1,-4.31,0.8342,1,0,156
350,5,0,0,4,1,-4.5,0.8337,1,0,156
351,6,0,0,3,1,-5.31,0.8333,1,0,156
352,5,0,0,2,1,-5.95,0.8328,1,0,156
353,5,0,0,3,1,-5.65,0.8323,1,0,156
354,15,0,0,6,2,-5.9,0.8318,1,0,156
355,18,0,0,6,2,-8.88,0.8314,1,0,156
356,7,0,0,4,1,-5.52,0.8309,1,0,156
357,5,0,0,3,1,-5.1,0.8304,1,0,156
358,5,0,0,4,1,-5.35,0.8299,1,0,156
359,16,0,0,6,2,-7.06,0.8295,1,0,156
360,5,0,0,3,1,-4.25,0.829,1,0,156
361,5,0,0,2,1,-6.0,0.8285,1,0,156
362,6,0,0,2,1,-5.01,0.828,1,0,156
363,5,0,0,4,1,-4.9,0.8276,1,0,156
364,9,0,0,3,1,-5.69,0.8271,1,0,157
365,9,0,0,2,1,-6.89,0.8266,1,0,157
366,15,0,0,6,2,-7.35,0.8262,1,0,157
367,13,0,0,3,1,-6.28,0.8257,1,0,158
368,9,0,0,2,1,-6.14,0.8252,1,0,158
369,7,0,0,2,1,-6.07,0.8247,1,0,158
370,24,0,0,6,2,-7.94,0.8243,1,0,158
371,19,0,0,8,2,-6.49,0.8238,1,0,158
372,20,0,0,6,3,-7.5,0.8233,1,0,158
373,5,0,0,3,1,-4.3,0.8228,1,0,158
374,5,0,0,3,1,-5.7,0.8224,1,0,158
375,28,0,0,5,2,-9.68,0.8219,1,0,158
376,5,0,0,4,1,-4.95,0.8214,1,0,158
377,7,0,0,2,1,-5.47,0.8209,1,0,158
378,9,0,0,4,1,-5.94,0.8205,1,0,158
379,5,0,0,2,1,-4.95,0.82,1,0,158
380,6,0,0,4,1,-5.41,0.8195,1,0,158
381,26,1,1,9,3,-6.41,0.819,1,0,162
382,20,0,0,4,2,-7.25,0.8185,1,0,162
383,8,0,0,3,1,-5.38,0.8181,1,0,162
384,6,0,0,3,1,-5.61,0.8176,1,0,162
385,34,0,0,8,3,-9.69,0.8171,1,0,162
386,5,0,0,3,1,-5.65,0.8166,1,0,162
387,9,0,0,6,1,-5.34,0.8162,1,0,162
388,7,0,0,2,1,-5.52,0.8157,1,0,162
389,5,0,0,4,1,-5.35,0.8152,1,0,162
390,13,0,0,6,1,-5.93,0.8147,1,0,162
391,13,0,0,3,1,-6.93,0.8143,1,0,162
392,8,0,0,2,1,-5.13,0.8138,1,0,162
393,20,0,0,4,2,-7.3,0.8133,1,0,162
394,17,0,0,6,2,-5.62,0.8128,1,0,162
395,6,0,0,1,1,-6.76,0.8124,1,0,162
396,7,0,0,3,1,-5.67,0.8119,1,0,166
397,6,0,0,2,1,-5.56,0.8114,1,0,166
398,5,0,0,2,1,-5.5,0.811,1,0,166
399,7,0,0,3,1,-5.77,0.8105,1,0,166
400,5,0,0,3,1,-4.75,0.81,1,0,166
401,6,0,0,2,1,-5.96,0.8095,1,0,167
402,27,0,0,4,3,-8.47,0.8091,1,0,169
403,5,0,0,3,1,-5.15,0.8086,1,0,169
404,5,0,0,3,1,-5.1,0.8081,1,0,169
405,25,0,0,8,3,-7.0,0.8076,1,0,171
406,5,0,0,2,1,-5.45,0.8072,1,0,171
407,25,0,0,4,2,-9.9,0.8067,1,0,171
408,7,0,0,2,1,-6.07,0.8062,1,0,171
409,7,0,0,3,1,-6.22,0.8057,1,0,171
410,9,0,0,1,1,-6.34,0.8053,1,0,171
411,5,0,0,3,1,-5.2,0.8048,1,0,171
412,6,0,0,2,1,-5.51,0.8043,1,0,171
413,5,0,0,2,1,-5.95,0.8038,1,0,171
414,5,0,0,4,1,-4.45,0.8034,1,0,171
415,5,0,0,2,1,-5.05,0.8029,1,0,171
416,6,0,0,3,1,-5.26,0.8024,1,0,171
417,35,0,0,4,3,-10.45,0.8019,1,0,171
418,21,0,0,7,2,-8.26,0.8014,1,0,171
419,7,0,0,0,1,-6.67,0.801,1,0,171
420,6,0,0,3,1,-4.76,0.8005,1,0,172
421,5,0,0,3,1,-4.75,0.8,1,0,172
422,9,0,0,2,1,-5.94,0.7995,1,0,172
423,11,0,0,3,1,-7.71,0.7991,1,0,172
424,17,0,0,2,1,-8.77,0.7986,1,0,173
425,5,0,0,2,1,-5.5,0.7981,1,0,173
426,5,0,0,2,1,-5.55,0.7976,1,0,173
427,6,0,0,1,1,-6.76,0.7972,1,0,173
428,5,0,0,3,1,-5.2,0.7967,1,0,173
429,6,0,0,2,1,-5.46,0.7962,1,0,173
430,7,0,0,3,1,-6.27,0.7957,1,0,173
431,7,0,0,2,1,-6.42,0.7953,1,0,173
432,6,0,0,1,1,-6.31,0.7948,1,0,173
433,15,0,0,7,2,-6.2,0.7943,1,0,174
434,13,0,0,5,2,-5.13,0.7938,1,0,174
435,6,0,0,1,1,-6.36,0.7934,1,0,174
436,5,0,0,4,1,-5.35,0.7929,1,0,174
437,17,0,0,5,2,-7.42,0.7924,1,0,174
438,5,0,0,2,1,-5.1,0.792,1,0,174
439,5,0,0,4,1,-4.35,0.7915,1,0,174
440,21,0,0,8,3,-5.06,0.791,1,0,174
441,5,0,0,3,1,-5.1,0.7905,1,0,174
442,8,0,0,2,1,-6.48,0.7901,1,0,174
443,29,0,0,3,3,-9.24,0.7896,1,0,174
444,5,0,0,1,1,-5.8,0.7891,1,0,174
445,14,0,0,5,2,-6.64,0.7886,1,0,177
446,5,0,0,1,1,-6.3,0.7882,1,0,177
447,17,0,0,5,2,-5.92,0.7877,1,0,177
448,16,0,0,8,2,-5.96,0.7872,1,0,177
449,23,0,0,8,3,-5.98,0.7867,1,0,177
450,47,0,0,5,3,-12.52,0.7863,1,0,179
451,6,0,0,3,1,-5.71,0.7858,1,0,179
452,6,0,0,2,1,-5.96,0.7853,1,0,179
453,16,0,0,2,1,-7.76,0.7848,1,0,179
454,12,0,0,3,1,-6.42,0.7843,1,0,179
455,19,0,0,3,2,-6.54,0.7839,1,0,179
456,6,0,0,3,1,-5.71,0.7834,1,0,179
457,15,0,0,6,2,-7.45,0.7829,1,0,179
458,14,0,0,6,2,-5.69,0.7824,1,0,179
459,5,0,0,4,1,-4.8,0.782,1,0,179
460,5,0,0,3,1,-5.15,0.7815,1,0,179
461,5,0,0,4,1,-4.9,0.781,1,0,179
462,17,0,0,7,2,-5.27,0.7805,1,0,180
463,7,0,0,2,1,-6.02,0.7801,1,0,180
464,6,0,0,3,1,-5.26,0.7796,1,0,180
465,5,0,0,3,1,-5.7,0.7791,1,0,180
466,5,0,0,4,1,-4.45,0.7787,1,0,180
467,5,0,0,4,1,-5.35,0.7782,1,0,180
468,7,0,0,5,1,-4.62,0.7777,1,0,182
469,7,0,0,4,1,-3.97,0.7772,1,0,182
470,5,0,0,4,1,-5.25,0.7768,1,0,182
471,5,0,0,4,1,-5.25,0.7763,1,0,182
472,5,0,0,4,1,-5.35,0.7758,1,0,182
473,5,0,0,4,1,-4.9,0.7753,1,0,182
474,5,0,0,2,1,-6.0,0.7749,1,0,182
475,13,0,0,7,2,-5.08,0.7744,1,0,182
476,5,0,0,3,1,-5.2,0.7739,1,0,182
477,5,0,0,4,1,-4.9,0.7734,1,0,182
478,7,0,0,4,1,-5.92,0.773,1,0,182
479,14,0,0,7,2,-5.09,0.7725,1,0,182
480,6,0,0,3,1,-5.61,0.772,1,0,182
481,5,0,0,4,1,-4.0,0.7715,1,0,182
482,5,0,0,4,1,-4.45,0.7711,1,0,182
483,7,0,0,4,1,-4.92,0.7706,1,0,182
484,14,0,0,8,2,-5.09,0.7701,1,0,184
485,5,0,0,2,1,-6.45,0.7696,1,0,184
486,5,0,0,2,1,-4.95,0.7692,1,0,185
487,5,0,0,3,1,-5.1,0.7687,1,0,185
488,7,0,0,4,1,-4.82,0.7682,1,0,185
489,11,0,0,2,1,-8.11,0.7677,1,0,185
490,5,0,0,3,1,-5.65,0.7672,1,0,185
491,22,0,0,6,2,-8.02,0.7668,1,0,185
492,16,0,0,1,1,-9.16,0.7663,1,0,185
493,5,0,0,2,1,-6.0,0.7658,1,0,185
494,6,0,0,1,1,-5.26,0.7653,1,0,185
495,5,0,0,4,1,-4.0,0.7649,1,0,185
496,25,0,0,8,3,-7.4,0.7644,1,0,185
497,5,0,0,3,1,-5.6,0.7639,1,0,185
498,23,0,0,6,2,-7.73,0.7634,1,0,185
499,5,0,0,4,1,-4.25,0.763,1,0,185
500,5,0,0,3,1,-5.2,0.7625,1,0,185
501,28,0,0,12,3,-5.33,0.762,1,0,185
502,27,0,0,6,3,-8.32,0.7615,1,0,186
503,28,0,0,12,3,-6.78,0.7611,1,0,186
504,5,0,0,4,1,-4.45,0.7606,1,0,186
505,25,0,0,9,3,-8.15,0.7601,1,0,187
506,6,0,0,3,1,-5.06,0.7597,1,0,187
507,6,0,0,1,1,-6.31,0.7592,1,0,187
508,7,0,0,3,1,-5.67,0.7587,1,0,187
509,18,0,0,6,2,-7.18,0.7582,1,0,187
510,7,0,0,3,1,-6.67,0.7578,1,0,187
511,23,0,0,7,3,-6.23,0.7573,1,0,187
512,5,0,0,3,1,-4.75,0.7568,1,0,187
513,5,0,0,4,1,-4.95,0.7563,1,0,187
514,7,0,0,3,1,-4.27,0.7559,1,0,187
515,5,0,0,3,1,-5.65,0.7554,1,0,187
516,7,0,0,3,1,-6.22,0.7549,1,0,187
517,5,0,0,3,1,-4.75,0.7544,1,0,187
518,8,0,0,1,1,-7.68,0.754,1,0,187
519,5,0,0,4,1,-4.95,0.7535,1,0,187
520,5,0,0,4,1,-5.35,0.753,1,0,187
521,6,0,0,4,1,-4.96,0.7525,1,0,187
522,10,0,0,4,1,-6.0,0.752,1,0,187
523,9,0,0,4,1,-6.79,0.7516,1,0,187
524,8,0,0,1,1,-5.48,0.7511,1,0,187
525,5,0,0,1,1,-5.35,0.7506,1,0,187
526,5,0,0,2,1,-5.95,0.7501,1,0,187
527,5,0,0,1,1,-5.7,0.7497,1,0,187
528,18,0,0,3,2,-7.58,0.7492,1,0,187
529,13,0,0,4,2,-6.98,0.7487,1,0,187
530,5,0,0,4,1,-4.45,0.7483,1,0,187
531,6,0,0,4,1,-5.46,0.7478,1,0,187
532,5,0,0,2,1,-5.5,0.7473,1,0,187
533,5,0,0,3,1,-5.1,0.7468,1,0,187
534,5,0,0,3,1,-4.75,0.7464,1,0,187
535,5,0,0,2,1,-5.05,0.7459,1,0,187
536,5,0,0,4,1,-4.0,0.7454,1,0,187
537,18,0,0,5,2,-7.38,0.7449,1,0,187
538,5,0,0,3,1,-5.65,0.7445,1,0,187
539,6,0,0,4,1,-4.51,0.744,1,0,187
540,24,0,0,8,3,-6.59,0.7435,1,0,187
541,27,0,0,4,3,-10.67,0.743,1,0,189
542,33,0,0,4,4,-9.93,0.7426,1,0,189
543,9,0,0,4,1,-5.54,0.7421,1,0,189
544,5,0,0,2,1,-5.9,0.7416,1,0,189
545,14,0,0,5,2,-6.59,0.7411,1,0,189
546,26,0,0,5,3,-6.96,0.7407,1,0,189
547,5,0,0,2,1,-6.45,0.7402,1,0,189
548,29,0,0,10,3,-8.04,0.7397,1,0,189
549,10,0,0,1,1,-6.0,0.7392,1,0,189
550,5,0,0,0,1,-6.6,0.7388,1,0,189
551,5,0,0,0,1,-5.1,0.7383,1,0,190
552,38,0,0,9,3,-8.83,0.7378,1,0,190
553,9,0,0,6,1,-5.39,0.7373,1,0,190
554,24,0,0,5,3,-7.84,0.7369,1,0,192
555,5,0,0,2,1,-5.9,0.7364,1,0,192
556,7,0,0,6,1,-4.32,0.7359,1,0,192
557,11,0,0,3,1,-6.41,0.7354,1,0,192
558,28,0,0,7,2,-7.68,0.7349,1,0,192
559,25,0,0,3,3,-7.5,0.7345,1,0,192
560,16,0,0,1,1,-7.81,0.734,1,0,192
561,5,0,0,3,1,-5.15,0.7335,1,0,192
562,6,0,0,3,1,-5.21,0.733,1,0,192
563,5,0,0,2,1,-5.0,0.7326,1,0,192
564,17,0,0,4,2,-6.72,0.7321,1,0,192
565,6,0,0,1,1,-5.81,0.7316,1,0,192
566,14,0,0,2,1,-6.04,0.7311,1,0,194
567,7,0,0,4,1,-4.92,0.7307,1,0,194
568,5,0,0,3,1,-5.2,0.7302,1,0,194
569,5,0,0,3,1,-5.7,0.7297,1,0,194
570,7,0,0,4,1,-5.47,0.7292,1,0,194
571,6,0,0,3,1,-5.21,0.7288,1,0,195
572,5,0,0,2,1,-5.9,0.7283,1,0,195
573,5,0,0,4,1,-4.35,0.7278,1,0,195
574,16,0,0,5,2,-5.81,0.7274,1,0,195
575,5,0,0,3,1,-5.65,0.7269,1,0,195
576,27,0,0,11,3,-7.67,0.7264,1,0,195
577,30,0,0,3,2,-9.1,0.7259,1,0,195
578,28,0,1,9,3,-4.98,0.7255,1,0,195
579,6,0,0,3,1,-5.26,0.725,1,0,195
580,6,0,0,2,1,-5.06,0.7245,1,0,195
581,17,0,0,3,2,-7.87,0.724,1,0,195
582,16,0,0,4,2,-5.21,0.7236,1,0,195
583,20,0,0,4,2,-8.15,0.7231,1,0,195
584,5,0,0,4,1,-4.95,0.7226,1,0,195
585,29,1,1,8,4,-6.89,0.7221,1,0,195
586,8,0,0,2,1,-6.08,0.7217,1,0,195
587,6,0,0,2,1,-4.86,0.7212,1,0,195
588,5,0,0,3,1,-5.2,0.7207,1,0,195
589,5,0,0,2,1,-5.95,0.7202,1,0,195
590,6,0,0,3,1,-5.26,0.7198,1,0,195
591,5,0,0,3,1,-5.1,0.7193,1,0,195
592,20,0,0,4,2,-5.95,0.7188,1,0,195
593,5,0,0,3,1,-5.55,0.7183,1,0,195
594,6,0,0,0,1,-6.66,0.7179,1,0,195
595,5,0,0,3,1,-5.65,0.7174,1,0,195
596,5,0,0,2,1,-5.45,0.7169,1,0,195
597,5,0,0,3,1,-5.15,0.7164,1,0,195
598,15,0,0,4,2,-6.2,0.716,1,0,195
599,21,0,0,4,2,-7.81,0.7155,1,0,195
600,5,0,0,3,1,-5.1,0.715,1,0,195
601,6,0,0,4,1,-5.01,0.7145,1,0,195
602,5,0,0,2,1,-5.05,0.7141,1,0,195
603,5,0,0,1,1,-5.8,0.7136,1,0,195
604,5,0,0,3,1,-5.65,0.7131,1,0,195
605,5,0,0,3,1,-4.8,0.7126,1,0,195
606,8,0,0,3,1,-4.78,0.7122,1,0,195
607,5,0,0,2,1,-5.5,0.7117,1,0,195
608,14,0,0,5,2,-4.79,0.7112,1,0,195
609,6,0,0,1,1,-5.41,0.7107,1,0,196
610,8,0,0,4,1,-5.88,0.7103,1,0,197
611,14,0,0,4,1,-5.79,0.7098,1,0,197
612,7,0,0,4,1,-5.42,0.7093,1,0,197
613,24,0,0,9,2,-5.79,0.7088,1,0,197
614,15,0,0,2,1,-7.7,0.7084,1,0,197
615,10,0,0,3,1,-5.2,0.7079,1,0,197
616,6,0,0,3,1,-5.26,0.7074,1,0,197
617,5,0,0,3,1,-5.6,0.7069,1,0,197
618,15,0,0,6,2,-6.5,0.7065,1,0,197
619,9,0,0,3,1,-5.29,0.706,1,0,197
620,8,0,0,3,1,-5.73,0.7055,1,0,197
621,7,0,0,4,1,-5.02,0.705,1,0,197
622,27,0,0,4,2,-9.37,0.7046,1,0,197
623,6,0,0,3,1,-4.76,0.7041,1,0,197
624,10,0,0,4,1,-4.9,0.7036,1,0,198
625,5,0,0,4,1,-4.25,0.7031,1,0,198
626,17,0,0,3,2,-8.27,0.7026,1,0,198
627,5,0,0,2,1,-5.95,0.7022,1,0,198
628,6,0,0,2,1,-5.01,0.7017,1,0,198
629,5,0,0,3,1,-4.75,0.7012,1,0,198
630,5,0,0,2,1,-6.0,0.7007,1,0,198
631,9,0,0,2,1,-6.44,0.7003,1,0,198
632,21,0,0,8,2,-6.96,0.6998,1,0,199
633,8,0,0,3,1,-5.63,0.6993,1,0,199
634,14,0,0,1,1,-7.44,0.6988,1,0,199
635,28,0,0,4,2,-7.33,0.6984,1,0,200
636,9,0,0,2,1,-6.64,0.6979,1,0,200
637,20,0,0,4,2,-7.3,0.6974,1,0,200
638,31,0,0,5,3,-7.76,0.6969,1,0,201
639,7,0,0,3,1,-6.17,0.6965,1,0,201
640,6,0,0,4,1,-4.96,0.696,1,0,201
641,5,0,0,3,1,-5.15,0.6955,1,0,201
642,5,0,0,3,1,-4.65,0.695,1,0,201
643,9,0,0,4,1,-5.74,0.6946,1,0,201
644,25,0,0,8,2,-6.7,0.6941,1,0,201
645,9,0,0,4,1,-5.44,0.6936,1,0,201
646,8,0,0,1,1,-7.28,0.6931,1,0,201
647,39,0,0,5,3,-9.54,0.6927,1,0,201
648,10,0,0,1,1,-5.4,0.6922,1,0,201
649,5,0,0,2,1,-5.55,0.6917,1,0,201
650,7,0,0,3,1,-6.02,0.6913,1,0,201
651,7,0,0,5,1,-4.62,0.6908,1,0,201
652,6,0,0,1,1,-4.81,0.6903,1,0,201
653,10,0,0,3,1,-5.8,0.6898,1,0,201
654,7,0,0,4,1,-4.47,0.6894,1,0,201
655,11,0,0,1,1,-6.96,0.6889,1,0,201
656,15,0,0,5,2,-6.3,0.6884,1,0,201
657,5,0,0,4,1,-4.95,0.6879,1,0,201
658,35,0,0,6,3,-7.55,0.6875,1,0,203
659,5,0,0,3,1,-4.65,0.687,1,0,204
660,7,0,0,4,1,-4.82,0.6865,1,0,204
661,14,0,0,5,2,-7.24,0.686,1,0,204
662,5,0,0,4,1,-5.35,0.6855,1,0,204
663,5,0,0,3,1,-4.75,0.6851,1,0,204
664,56,0,0,10,4,-8.41,0.6846,1,0,206
665,38,0,0,10,3,-8.13,0.6841,1,0,206
666,5,0,0,3,1,-6.15,0.6836,1,0,206
667,28,0,0,4,2,-7.48,0.6832,1,0,207
668,9,0,0,1,1,-6.94,0.6827,1,0,207
669,19,0,0,3,2,-6.54,0.6822,1,0,207
670,11,0,0,6,1,-5.01,0.6818,1,0,207
671,20,0,0,5,2,-7.95,0.6813,1,0,207
672,6,0,0,1,1,-5.36,0.6808,1,0,207
673,35,0,0,9,3,-8.45,0.6803,1,0,207
674,13,0,0,6,1,-5.93,0.6799,1,0,207
675,50,0,0,7,5,-9.75,0.6794,1,0,207
676,17,0,0,4,2,-7.52,0.6789,1,0,207
677,6,0,0,2,1,-6.46,0.6784,1,0,207
678,5,0,0,3,1,-5.25,0.678,1,0,207
679,5,0,0,3,1,-5.25,0.6775,1,0,207
680,5,0,0,3,1,-5.2,0.677,1,0,207
681,6,0,0,2,1,-4.96,0.6765,1,0,208
682,15,0,0,4,2,-6.2,0.6761,1,0,208
683,43,0,0,11,3,-10.48,0.6756,1,0,209
684,14,0,0,6,2,-6.89,0.6751,1,0,209
685,28,0,0,8,3,-7.63,0.6746,1,0,209
686,5,0,0,3,1,-4.75,0.6742,1,0,209
687,5,0,0,2,1,-6.0,0.6737,1,0,209
688,8,0,0,1,1,-6.88,0.6732,1,0,209
689,5,0,0,4,1,-4.35,0.6727,1,0,209
690,28,0,0,6,3,-7.68,0.6723,1,0,209
691,17,0,0,4,2,-6.67,0.6718,1,0,210
692,7,0,0,2,1,-5.12,0.6713,1,0,210
693,6,0,0,4,1,-4.86,0.6708,1,0,210
694,5,0,0,1,1,-6.3,0.6704,1,0,210
695,9,0,0,2,1,-5.59,0.6699,1,0,210
696,7,0,0,3,1,-6.22,0.6694,1,0,210
697,5,0,0,3,1,-5.2,0.6689,1,0,210
698,32,0,0,5,3,-11.97,0.6684,1,0,210
699,6,0,0,3,1,-6.06,0.668,1,0,210
700,5,0,0,3,1,-5.15,0.6675,1,0,210
701,23,0,1,6,2,-7.08,0.667,1,0,210
702,11,0,0,3,1,-5.36,0.6665,1,0,214
703,5,0,0,1,1,-6.25,0.6661,1,0,214
704,5,0,0,3,1,-5.7,0.6656,1,0,214
705,14,1,1,3,2,-5.24,0.6651,1,0,215
706,5,0,0,4,1,-4.9,0.6646,1,0,215
707,24,0,0,6,3,-8.59,0.6642,1,0,215
708,8,0,0,4,1,-5.33,0.6637,1,0,215
709,7,0,0,3,1,-5.77,0.6632,1,0,215
710,13,0,0,3,2,-8.23,0.6627,1,0,215
711,6,0,0,3,1,-4.76,0.6623,1,0,215
712,22,0,0,6,2,-7.57,0.6618,1,0,215
713,42,0,0,7,3,-9.87,0.6613,1,0,215
714,6,0,0,3,1,-5.76,0.6609,1,0,215
715,39,1,1,7,4,-7.84,0.6604,1,0,215
716,25,0,0,6,2,-6.1,0.6599,1,0,215
717,5,0,0,4,1,-4.45,0.6594,1,0,215
718,29,0,0,8,4,-6.34,0.659,1,0,215
719,5,0,0,4,1,-4.9,0.6585,1,0,215
720,5,0,0,4,1,-5.4,0.658,1,0,215
721,5,0,0,2,1,-4.95,0.6575,1,0,215
722,6,0,0,1,1,-5.36,0.6571,1,0,215
723,6,0,0,2,1,-5.06,0.6566,1,0,215
724,5,0,0,2,1,-5.45,0.6561,1,0,215
725,6,0,0,2,1,-6.46,0.6556,1,0,215
726,29,0,0,8,3,-7.84,0.6552,1,0,217
727,19,0,0,5,2,-8.39,0.6547,1,0,217
728,16,0,0,5,2,-7.36,0.6542,1,0,217
729,27,0,0,6,3,-7.67,0.6537,1,0,222
730,14,0,0,3,1,-6.49,0.6532,1,0,222
731,7,0,0,3,1,-4.17,0.6528,1,0,222
732,13,0,0,4,2,-7.43,0.6523,1,0,222
733,6,0,0,3,1,-5.71,0.6518,1,0,222
734,8,0,0,3,1,-6.08,0.6514,1,0,222
735,13,0,0,3,2,-5.38,0.6509,1,0,222
736,5,0,0,4,1,-4.45,0.6504,1,0,222
737,5,0,0,3,1,-5.65,0.6499,1,0,222
738,16,0,0,5,2,-7.26,0.6495,1,0,223
739,6,0,0,3,1,-5.71,0.649,1,0,223
740,5,0,0,4,1,-4.8,0.6485,1,0,223
741,20,0,0,3,2,-7.95,0.648,1,0,223
742,5,0,0,1,1,-4.95,0.6476,1,0,223
743,10,0,0,1,1,-7.35,0.6471,1,0,223
744,5,0,0,4,1,-4.5,0.6466,1,0,223
745,17,0,0,3,2,-6.37,0.6461,1,0,223
746,6,0,0,2,1,-5.96,0.6457,1,0,223
747,7,0,0,3,1,-5.27,0.6452,1,0,223
748,20,0,0,7,3,-6.25,0.6447,1,0,223
749,5,0,0,3,1,-5.65,0.6442,1,0,223
750,14,0,0,1,1,-7.04,0.6438,1,0,223
751,10,0,0,2,1,-4.75,0.6433,1,0,223
752,5,0,0,4,1,-4.45,0.6428,1,0,223
753,15,0,0,3,1,-8.3,0.6423,1,0,223
754,5,0,0,3,1,-5.2,0.6419,1,0,223
755,5,0,0,4,1,-4.45,0.6414,1,0,223
756,6,0,0,3,1,-6.21,0.6409,1,0,223
757,23,0,0,8,3,-7.03,0.6404,1,0,223
758,10,0,0,3,1,-5.7,0.64,1,0,223
759,6,0,0,2,1,-5.11,0.6395,1,0,223
760,23,0,0,6,3,-6.58,0.639,1,0,223
761,5,0,0,2,1,-4.95,0.6385,1,0,223
762,5,0,0,2,1,-4.55,0.6381,1,0,223
763,13,0,0,8,2,-3.33,0.6376,1,0,223
764,6,0,0,2,1,-5.56,0.6371,1,0,223
765,37,0,0,8,5,-8.82,0.6366,1,0,225
766,5,0,0,3,1,-5.15,0.6361,1,0,225
767,5,0,0,4,1,-4.0,0.6357,1,0,225
768,21,0,0,9,3,-6.11,0.6352,1,0,225
769,31,1,1,8,4,-7.26,0.6347,1,0,229
770,7,0,0,3,1,-6.17,0.6342,1,0,229
771,24,0,0,5,3,-6.99,0.6338,1,0,229
772,5,0,0,2,1,-5.95,0.6333,1,0,229
773,7,0,0,2,1,-6.57,0.6328,1,0,229
774,5,0,0,2,1,-5.0,0.6323,1,0,229
775,34,0,0,5,3,-8.34,0.6319,1,0,231
776,22,0,0,6,3,-7.17,0.6314,1,0,231
777,21,0,0,7,3,-8.11,0.6309,1,0,233
778,24,0,0,8,3,-7.89,0.6304,1,0,233
779,17,0,0,6,2,-7.97,0.63,1,0,233
780,7,0,0,3,1,-6.17,0.6295,1,0,233
781,5,0,0,2,1,-4.95,0.629,1,0,233
782,12,0,0,5,1,-5.62,0.6285,1,0,233
783,10,0,0,5,1,-5.25,0.6281,1,0,233
784,17,0,0,6,2,-6.47,0.6276,1,0,234
785,9,0,0,6,1,-5.34,0.6271,1,0,234
786,22,0,0,6,3,-6.02,0.6266,1,0,234
787,30,1,1,9,3,-6.5,0.6262,1,0,234
788,28,0,0,6,3,-9.53,0.6257,1,0,234
789,6,0,0,3,1,-4.21,0.6252,1,0,234
790,9,0,0,2,1,-6.14,0.6248,1,0,234
791,13,0,0,5,2,-6.23,0.6243,1,0,234
792,16,0,0,6,2,-5.91,0.6238,1,0,235
793,27,0,0,5,3,-9.12,0.6233,1,0,235
794,15,0,0,8,2,-4.75,0.6229,1,0,235
795,8,0,0,3,1,-6.28,0.6224,1,0,235
796,23,0,0,6,3,-7.63,0.6219,1,0,235
797,5,0,0,2,1,-5.05,0.6214,1,0,235
798,16,0,0,5,2,-5.86,0.621,1,0,235
799,5,0,0,4,1,-4.45,0.6205,1,0,235
800,5,0,0,3,1,-5.2,0.62,1,0,235
801,5,0,0,2,1,-5.05,0.6195,1,0,235
802,24,0,0,4,3,-8.19,0.619,1,0,237
803,5,0,0,1,1,-6.25,0.6186,1,0,237
804,5,0,0,2,1,-5.4,0.6181,1,0,237
805,7,0,0,3,1,-5.77,0.6176,1,0,237
806,11,0,0,3,1,-6.81,0.6171,1,0,237
807,5,0,0,3,1,-5.2,0.6167,1,0,237
808,10,0,0,4,1,-5.4,0.6162,1,0,238
809,27,0,0,9,3,-5.92,0.6157,1,0,240
810,10,0,0,3,1,-5.4,0.6153,1,0,240
811,13,0,0,6,2,-5.93,0.6148,1,0,240
812,7,0,0,1,1,-6.77,0.6143,1,0,240
813,6,0,0,0,1,-6.11,0.6138,1,0,240
814,44,0,0,12,5,-7.54,0.6134,1,0,244
815,5,0,0,3,1,-5.65,0.6129,1,0,244
816,6,0,0,3,1,-5.76,0.6124,1,0,244
817,7,0,0,2,1,-4.92,0.6119,1,0,244
818,23,0,0,12,3,-3.43,0.6115,1,0,244
819,12,0,0,4,1,-6.47,0.611,1,0,245
820,22,0,0,6,2,-6.12,0.6105,1,0,245
821,5,0,0,3,1,-4.8,0.61,1,0,245
822,5,0,0,3,1,-6.15,0.6096,1,0,245
823,32,0,0,6,4,-7.82,0.6091,1,0,246
824,10,0,0,1,1,-5.85,0.6086,1,0,246
825,5,0,0,2,1,-5.5,0.6081,1,0,246
826,25,0,0,6,3,-6.8,0.6077,1,0,246
827,5,0,0,3,1,-5.7,0.6072,1,0,246
828,7,0,0,5,1,-4.17,0.6067,1,0,246
829,9,0,0,2,1,-5.59,0.6062,1,0,246
830,35,0,0,5,3,-7.95,0.6058,1,0,246
831,20,0,0,4,2,-7.35,0.6053,1,0,246
832,26,0,0,8,3,-5.76,0.6048,1,0,246
833,21,0,0,6,2,-6.11,0.6043,1,0,246
834,16,0,0,8,2,-4.86,0.6038,1,0,247
835,25,0,0,10,3,-6.95,0.6034,1,0,247
836,9,0,0,2,1,-5.04,0.6029,1,0,247
837,26,0,0,2,2,-8.41,0.6024,1,0,247
838,23,0,0,6,3,-5.63,0.6019,1,0,247
839,15,0,0,9,2,-5.55,0.6015,1,0,247
840,63,1,1,14,6,-10.33,0.601,1,0,252
841,5,0,0,3,1,-5.65,0.6005,1,0,252
842,6,0,0,3,1,-5.26,0.6,1,0,252
843,22,1,1,10,3,-4.27,0.5996,1,0,252
844,14,0,0,4,2,-5.24,0.5991,1,0,252
845,8,0,0,4,1,-5.93,0.5986,1,0,252
846,7,0,0,3,1,-5.27,0.5981,1,0,252
847,31,0,0,9,4,-5.11,0.5977,1,0,252
848,23,0,0,8,3,-6.13,0.5972,1,0,252
849,43,1,1,8,5,-5.43,0.5967,1,0,254
850,11,0,0,5,1,-4.66,0.5962,1,0,254
851,5,0,0,3,1,-4.75,0.5958,1,0,254
852,13,0,0,8,2,-4.83,0.5953,1,0,254
853,15,0,0,3,2,-7.4,0.5948,1,0,254
854,13,0,0,5,2,-5.68,0.5944,1,0,255
855,20,0,0,2,2,-7.35,0.5939,1,0,255
856,33,0,0,11,4,-7.23,0.5934,1,0,258
857,30,0,0,10,3,-5.65,0.5929,1,0,258
858,63,0,0,9,6,-6.78,0.5925,1,0,258
859,6,0,0,2,1,-5.01,0.592,1,0,258
860,15,0,0,9,2,-5.05,0.5915,1,0,258
861,55,0,0,9,6,-13.2,0.591,1,0,259
862,19,0,0,5,2,-5.84,0.5906,1,0,259
863,5,0,0,4,1,-4.95,0.5901,1,0,259
864,9,0,0,4,1,-4.94,0.5896,1,0,259
865,7,0,0,5,1,-5.07,0.5891,1,0,259
866,8,0,0,4,1,-5.43,0.5887,1,0,259
867,15,0,0,5,2,-8.55,0.5882,1,0,259
868,8,0,0,3,1,-5.33,0.5877,1,0,259
869,8,0,0,2,1,-5.68,0.5872,1,0,259
870,19,0,0,4,2,-7.49,0.5867,1,0,259
871,5,0,0,3,1,-4.1,0.5863,1,0,259
872,43,0,0,13,5,-9.23,0.5858,1,0,259
873,16,0,0,5,2,-6.86,0.5853,1,0,259
874,27,0,0,9,3,-6.82,0.5849,1,0,259
875,14,0,0,4,2,-7.54,0.5844,1,0,259
876,5,0,0,1,1,-6.3,0.5839,1,0,259
877,6,0,0,3,1,-5.76,0.5834,1,0,259
878,14,0,0,9,2,-4.39,0.583,1,0,259
879,34,0,0,7,3,-7.04,0.5825,1,0,259
880,7,0,0,3,1,-4.27,0.582,1,0,259
881,22,1,1,6,3,-5.42,0.5815,1,0,259
882,5,0,0,2,1,-4.95,0.5811,1,0,259
883,5,0,0,3,1,-5.15,0.5806,1,0,259
884,5,0,0,2,1,-5.05,0.5801,1,0,259
885,8,0,0,5,1,-4.68,0.5796,1,0,259
886,27,0,0,8,3,-6.22,0.5792,1,0,259
887,21,0,0,9,3,-5.61,0.5787,1,0,259
888,17,0,0,7,2,-5.62,0.5782,1,0,259
889,5,0,0,2,1,-5.45,0.5777,1,0,259
890,5,0,0,1,1,-5.75,0.5773,1,0,259
891,5,0,0,3,1,-4.7,0.5768,1,0,259
892,6,0,0,3,1,-4.71,0.5763,1,0,259
893,14,0,0,6,2,-5.49,0.5758,1,0,259
894,7,0,0,2,1,-5.57,0.5754,1,0,259
895,47,0,0,7,3,-7.17,0.5749,1,0,259
896,18,0,0,4,2,-7.68,0.5744,1,0,259
897,16,0,0,4,2,-6.51,0.5739,1,0,259
898,16,0,0,9,2,-4.16,0.5735,1,0,259
899,5,0,0,1,1,-6.25,0.573,1,0,259
900,26,0,0,5,2,-6.91,0.5725,1,0,259
901,31,0,0,5,3,-7.26,0.572,1,0,259
902,6,0,0,3,1,-5.31,0.5716,1,0,259
903,25,0,0,6,3,-6.8,0.5711,1,0,259
904,24,0,0,8,3,-7.49,0.5706,1,0,259
905,31,1,1,7,2,-4.81,0.5701,1,0,261
906,6,0,0,2,1,-5.51,0.5696,1,0,261
907,22,0,0,4,3,-7.77,0.5692,1,0,261
908,13,0,0,4,2,-6.58,0.5687,1,0,261
909,5,0,0,3,1,-5.7,0.5682,1,0,261
910,33,0,0,9,3,-8.03,0.5677,1,0,261
911,33,0,0,10,3,-10.53,0.5673,1,0,261
912,7,0,0,2,1,-5.02,0.5668,1,0,261
913,5,0,0,3,1,-5.2,0.5663,1,0,261
914,5,0,0,3,1,-4.65,0.5658,1,0,261
915,5,0,0,2,1,-4.45,0.5654,1,0,261
916,6,0,0,3,1,-5.71,0.5649,1,0,261
917,5,0,0,2,1,-5.95,0.5644,1,0,261
918,9,0,0,6,1,-5.19,0.5639,1,0,261
919,5,0,0,3,1,-5.65,0.5635,1,0,261
920,9,0,0,3,1,-5.74,0.563,1,0,261
921,13,0,0,6,2,-5.38,0.5625,1,0,262
922,13,0,0,8,2,-3.78,0.562,1,0,262
923,23,0,0,6,3,-5.78,0.5616,1,0,263
924,10,0,0,3,1,-4.3,0.5611,1,0,263
925,6,0,0,3,1,-4.21,0.5606,1,0,263
926,6,0,0,1,1,-6.31,0.5601,1,0,263
927,26,0,0,5,3,-8.46,0.5597,1,0,263
928,14,0,0,6,2,-6.04,0.5592,1,0,263
929,5,0,0,3,1,-5.2,0.5587,1,0,263
930,6,0,0,3,1,-5.21,0.5583,1,0,263
931,45,0,0,5,4,-10.3,0.5578,1,0,263
932,28,0,0,5,3,-6.98,0.5573,1,0,263
933,8,0,0,5,1,-5.58,0.5568,1,0,263
934,7,0,0,5,1,-5.07,0.5564,1,0,263
935,5,0,0,1,1,-5.2,0.5559,1,0,263
936,24,0,0,8,3,-5.54,0.5554,1,0,264
937,6,0,0,0,1,-5.16,0.5549,1,0,264
938,31,0,0,6,3,-7.11,0.5545,1,0,264
939,22,0,0,7,3,-6.37,0.554,1,0,264
940,31,1,1,7,3,-5.96,0.5535,1,0,264
941,5,0,0,1,1,-5.2,0.553,1,0,264
942,5,0,0,4,1,-5.35,0.5526,1,0,264
943,24,0,0,9,3,-4.54,0.5521,1,0,264
944,66,0,0,12,5,-8.76,0.5516,1,0,264
945,6,0,0,2,1,-6.46,0.5511,1,0,264
946,5,0,0,3,1,-5.65,0.5507,1,0,264
947,5,0,0,3,1,-4.6,0.5502,1,0,264
948,16,0,0,5,2,-6.76,0.5497,1,0,264
949,8,0,0,3,1,-5.78,0.5492,1,0,264
950,25,0,0,5,3,-8.95,0.5488,1,0,264
951,10,0,0,3,1,-6.2,0.5483,1,0,264
952,21,0,0,6,3,-6.96,0.5478,1,0,264
953,30,0,0,8,3,-5.8,0.5473,1,0,264
954,23,0,0,8,3,-5.58,0.5469,1,0,264
955,43,0,0,8,4,-7.43,0.5464,1,0,264
956,25,0,0,3,3,-7.15,0.5459,1,0,264
957,8,0,0,2,1,-5.68,0.5454,1,0,264
958,5,0,0,3,1,-5.65,0.545,1,0,264
959,8,0,0,5,1,-4.98,0.5445,1,0,264
960,53,0,0,7,5,-8.63,0.544,1,0,264
961,6,0,0,4,1,-5.46,0.5435,1,0,264
962,5,0,0,2,1,-5.05,0.5431,1,0,264
963,6,0,0,3,1,-4.66,0.5426,1,0,264
964,43,0,0,8,4,-9.33,0.5421,1,0,265
965,6,0,0,2,1,-5.96,0.5416,1,0,265
966,6,0,0,3,1,-6.21,0.5412,1,0,265
967,5,0,0,3,1,-4.75,0.5407,1,0,265
968,6,0,0,3,1,-4.76,0.5402,1,0,265
969,27,0,0,9,3,-8.17,0.5397,1,0,265
970,15,0,0,5,2,-6.25,0.5393,1,0,265
971,6,0,0,2,1,-5.01,0.5388,1,0,265
972,6,0,0,3,1,-4.71,0.5383,1,0,265
973,11,0,0,5,1,-4.56,0.5378,1,0,265
974,26,0,0,5,3,-7.11,0.5373,1,0,265
975,25,0,0,4,2,-7.85,0.5369,1,0,265
976,27,0,0,11,3,-6.62,0.5364,1,0,266
977,40,0,0,10,4,-9.8,0.5359,1,0,268
978,23,0,0,10,3,-6.38,0.5354,1,0,268
979,5,0,0,3,1,-4.25,0.535,1,0,268
980,5,0,0,3,1,-4.7,0.5345,1,0,268
981,21,0,0,8,3,-5.11,0.534,1,0,268
982,8,0,0,3,1,-7.18,0.5335,1,0,268
983,10,0,0,6,1,-4.85,0.5331,1,0,268
984,55,0,0,12,4,-6.8,0.5326,1,0,273
985,21,0,0,6,3,-7.56,0.5321,1,0,273
986,22,0,0,6,3,-5.62,0.5316,1,0,273
987,24,0,0,5,3,-7.49,0.5312,1,0,273
988,28,0,0,3,1,-7.48,0.5307,1,0,274
989,15,0,0,6,2,-7.4,0.5302,1,0,274
990,23,1,1,8,3,-5.33,0.5297,1,0,275
991,8,0,0,3,1,-4.78,0.5293,1,0,275
992,16,0,0,8,2,-5.31,0.5288,1,0,275
993,18,0,0,2,2,-8.73,0.5283,1,0,275
994,6,0,0,2,1,-6.51,0.5279,1,0,275
995,49,0,0,17,5,-6.54,0.5274,1,0,276
996,44,0,0,15,5,-4.64,0.5269,1,0,278
997,12,0,0,1,1,-5.32,0.5264,1,0,278
998,37,0,0,11,4,-5.57,0.526,1,0,279
999,5,0,0,1,1,-5.8,0.5255,1,0,279
1000,26,0,0,9,3,-5.81,0.525,1,0,279
1001,7,0,0,4,1,-4.82,0.5245,1,0,279
1002,31,1,1,5,2,-4.51,0.5241,1,0,279
1003,26,0,0,8,3,-6.21,0.5236,1,0,279
1004,23,0,0,9,3,-5.48,0.5231,1,0,279
1005,5,0,0,3,1,-4.65,0.5226,1,0,279
1006,8,0,0,3,1,-5.68,0.5222,1,0,279
1007,6,0,0,3,1,-5.26,0.5217,1,0,279
1008,13,0,0,5,2,-5.68,0.5212,1,0,279
1009,5,0,0,2,1,-4.4,0.5207,1,0,279
1010,17,0,0,9,2,-4.07,0.5203,1,0,279
1011,8,0,0,5,1,-5.08,0.5198,1,0,279
1012,5,0,0,0,1,-5.65,0.5193,1,0,279
1013,5,0,0,2,1,-5.5,0.5188,1,0,279
1014,13,0,0,2,1,-5.53,0.5184,1,0,279
1015,22,0,0,10,3,-4.87,0.5179,1,0,279
1016,28,0,0,9,3,-4.13,0.5174,1,0,279
1017,5,0,0,3,1,-5.05,0.5169,1,0,279
1018,33,0,0,4,4,-8.08,0.5165,1,0,279
1019,7,0,0,3,1,-5.77,0.516,1,0,279
1020,18,0,0,9,2,-4.13,0.5155,1,0,281
1021,7,0,0,4,1,-4.47,0.515,1,0,281
1022,26,0,0,6,3,-6.16,0.5146,1,0,281
1023,52,0,0,6,4,-10.42,0.5141,1,0,281
1024,16,0,0,6,2,-7.26,0.5136,1,0,281
1025,42,0,0,9,4,-8.12,0.5131,1,0,281
1026,42,0,0,6,2,-8.07,0.5127,1,0,281
1027,6,0,0,3,1,-5.71,0.5122,1,0,281
1028,15,0,0,6,2,-5.1,0.5117,1,0,281
1029,8,0,0,2,1,-6.53,0.5112,1,0,281
1030,25,0,0,9,3,-7.05,0.5108,1,0,281
1031,8,0,0,6,1,-4.73,0.5103,1,0,281
1032,31,0,0,5,3,-6.71,0.5098,1,0,281
1033,16,0,0,6,2,-7.06,0.5093,1,0,281
1034,40,0,0,6,3,-8.35,0.5089,1,0,281
1035,21,0,0,9,3,-5.56,0.5084,1,0,281
1036,5,0,0,3,1,-4.75,0.5079,1,0,281
1037,5,0,0,3,1,-4.65,0.5074,1,0,281
1038,45,0,0,15,4,-5.25,0.507,1,0,281
1039,24,0,0,9,3,-6.29,0.5065,1,0,281
1040,9,0,0,5,1,-4.74,0.506,1,0,281
1041,10,0,0,3,1,-6.3,0.5055,1,0,281
1042,16,0,0,8,2,-4.76,0.505,1,0,281
1043,5,0,0,2,1,-5.45,0.5046,1,0,281
1044,26,0,0,4,3,-8.16,0.5041,1,0,282
1045,15,0,0,9,2,-3.75,0.5036,1,0,282
1046,13,0,0,6,2,-5.73,0.5031,1,0,282
1047,40,0,0,8,3,-6.35,0.5027,1,0,282
1048,6,0,0,2,1,-6.01,0.5022,1,0,282
1049,23,0,0,8,3,-6.13,0.5017,1,0,282
1050,37,1,1,5,3,-5.77,0.5012,1,0,282
1051,5,0,0,1,1,-5.75,0.5008,1,0,282
1052,25,0,0,6,3,-6.55,0.5003,1,0,285
1053,21,0,0,5,3,-6.86,0.4998,1,0,285
1054,16,0,0,6,2,-5.71,0.4993,1,0,286
1055,22,0,0,9,3,-6.02,0.4989,1,0,286
1056,13,0,0,6,2,-5.83,0.4984,1,0,286
1057,31,1,1,13,4,-3.26,0.4979,1,0,286
1058,13,0,0,8,2,-4.18,0.4974,1,0,287
1059,13,0,0,6,2,-4.28,0.497,1,0,287
1060,7,0,0,4,1,-4.82,0.4965,1,0,287
1061,41,0,0,9,4,-8.16,0.496,1,0,287
1062,5,0,0,2,1,-4.9,0.4956,1,0,287
1063,47,0,0,8,5,-8.52,0.4951,1,0,287
1064,36,0,0,7,3,-6.41,0.4946,1,0,287
1065,8,0,0,5,1,-4.68,0.4941,1,0,287
1066,15,0,0,4,2,-6.55,0.4937,1,0,287
1067,7,0,0,5,1,-4.52,0.4932,1,0,287
1068,29,0,0,6,3,-7.24,0.4927,1,0,287
1069,13,0,0,3,2,-6.28,0.4922,1,0,287
1070,16,0,0,5,2,-6.21,0.4918,1,0,287
1071,5,0,0,4,1,-5.4,0.4913,1,0,287
1072,7,0,0,3,1,-6.12,0.4908,1,0,287
1073,13,0,0,5,2,-6.58,0.4903,1,0,291
1074,36,0,0,7,4,-7.06,0.4899,1,0,291
1075,22,0,0,8,3,-4.92,0.4894,1,0,291
1076,14,0,0,5,2,-4.39,0.4889,1,0,291
1077,5,0,0,3,1,-4.75,0.4884,1,0,291
1078,5,0,0,2,1,-5.95,0.4879,1,0,291
1079,24,0,0,8,3,-5.99,0.4875,1,0,292
1080,13,0,0,7,2,-4.28,0.487,1,0,292
1081,5,0,0,2,1,-5.45,0.4865,1,0,292
1082,27,0,0,9,3,-6.32,0.486,1,0,292
1083,39,0,0,5,4,-9.74,0.4856,1,0,292
1084,43,0,0,4,4,-9.08,0.4851,1,0,292
1085,7,0,0,2,1,-6.02,0.4846,1,0,292
1086,13,0,0,8,2,-4.28,0.4841,1,0,292
1087,5,0,0,3,1,-5.25,0.4837,1,0,292
1088,45,1,1,15,6,-7.75,0.4832,1,0,293
1089,39,0,0,11,4,-7.99,0.4827,1,0,294
1090,15,0,0,5,1,-4.75,0.4822,1,0,294
1091,41,1,1,6,4,-4.86,0.4818,1,0,294
1092,53,0,0,13,4,-7.53,0.4813,1,0,294
1093,38,0,0,5,3,-6.28,0.4808,1,0,294
1094,24,0,0,10,3,-4.59,0.4803,1,0,294
1095,15,0,0,6,2,-4.9,0.4799,1,0,294
1096,23,1,1,8,3,-3.13,0.4794,1,0,294
1097,32,0,0,4,2,-6.47,0.4789,1,0,294
1098,28,0,0,9,3,-7.28,0.4784,1,0,294
1099,25,1,1,6,3,-6.05,0.478,1,0,294
1100,5,0,0,4,1,-4.45,0.4775,1,0,294
1101,20,1,1,8,3,-4.8,0.477,1,0,294
1102,5,0,0,2,1,-5.05,0.4766,1,0,294
1103,49,0,0,5,4,-9.09,0.4761,1,0,294
1104,14,0,0,8,2,-6.29,0.4756,1,0,294
1105,41,0,0,9,4,-5.46,0.4751,1,0,297
1106,5,0,0,3,1,-4.6,0.4747,1,0,297
1107,40,0,0,6,2,-7.75,0.4742,1,0,297
1108,6,0,0,3,1,-5.56,0.4737,1,0,297
1109,15,0,0,5,2,-5.95,0.4732,1,0,297
1110,7,0,0,3,1,-5.27,0.4728,1,0,297
1111,9,0,0,4,1,-4.94,0.4723,1,0,297
1112,7,0,0,2,1,-5.57,0.4718,1,0,297
1113,13,0,0,5,2,-5.73,0.4713,1,0,297
1114,32,0,0,5,4,-8.62,0.4708,1,0,297
1115,26,0,0,5,2,-4.96,0.4704,1,0,297
1116,63,0,0,12,8,-8.58,0.4699,1,0,297
1117,21,0,0,9,3,-6.01,0.4694,1,0,297
1118,6,0,0,1,1,-5.81,0.4689,1,0,298
1119,5,0,0,3,1,-5.15,0.4685,1,0,298
1120,20,0,0,6,2,-5.35,0.468,1,0,298
1121,14,0,0,8,2,-4.49,0.4675,1,0,298
1122,48,1,1,9,4,-7.43,0.467,1,0,298
1123,24,0,0,8,3,-6.94,0.4666,1,0,298
1124,22,0,0,7,3,-5.82,0.4661,1,0,298
1125,24,0,0,9,3,-5.74,0.4656,1,0,298
1126,8,0,0,3,1,-5.33,0.4652,1,0,298
1127,27,0,0,5,3,-8.47,0.4647,1,0,298
1128,7,0,0,2,1,-5.02,0.4642,1,0,298
1129,34,0,0,8,4,-7.39,0.4637,1,0,298
1130,50,0,0,5,5,-7.55,0.4633,1,0,298
1131,24,0,0,0,1,-6.84,0.4628,1,0,298
1132,9,0,0,3,1,-6.74,0.4623,1,0,298
1133,24,1,1,5,3,-5.79,0.4618,1,0,298
1134,81,0,0,11,4,-9.51,0.4614,1,0,298
1135,23,0,1,7,3,-4.78,0.4609,1,0,298
1136,51,0,0,16,6,-6.21,0.4604,1,0,300
1137,26,0,0,11,3,-4.01,0.4599,1,0,300
1138,30,0,0,9,3,-4.5,0.4595,1,0,300
1139,17,0,0,1,1,-6.32,0.459,1,0,300
1140,35,0,0,7,4,-6.15,0.4585,1,0,300
1141,25,0,0,4,2,-6.3,0.458,1,0,300
1142,5,0,0,3,1,-4.75,0.4576,1,0,300
1143,26,0,0,5,3,-8.06,0.4571,1,0,300
1144,82,0,0,10,6,-11.22,0.4566,1,0,300
1145,24,0,0,10,3,-4.64,0.4561,1,0,300
1146,16,0,0,3,1,-6.31,0.4557,1,0,300
1147,57,0,0,7,3,-9.27,0.4552,1,0,300
1148,48,1,1,13,6,-5.53,0.4547,1,0,301
1149,13,0,0,5,2,-6.13,0.4542,1,0,301
1150,5,0,0,4,1,-4.8,0.4538,1,0,301
1151,24,0,0,10,3,-6.24,0.4533,1,0,301
1152,32,0,0,10,4,-6.12,0.4528,1,0,301
1153,39,0,0,10,4,-9.59,0.4523,1,0,301
1154,39,0,0,7,4,-6.79,0.4519,1,0,301
1155,43,0,0,8,4,-8.83,0.4514,1,0,301
1156,26,0,0,6,3,-5.81,0.4509,1,0,301
1157,15,0,0,6,2,-7.0,0.4504,1,0,301
1158,6,0,0,2,1,-5.51,0.45,1,0,301
1159,86,0,0,13,6,-11.01,0.4495,1,0,302
1160,20,0,0,9,3,-6.15,0.449,1,0,302
1161,16,0,0,7,2,-5.76,0.4485,1,0,302
1162,28,0,0,8,3,-7.58,0.4481,1,0,302
1163,53,0,0,13,5,-8.23,0.4476,1,0,304
1164,28,0,0,8,3,-5.43,0.4471,1,0,304
1165,10,0,0,3,1,-5.85,0.4466,1,0,304
1166,17,0,0,4,2,-5.67,0.4462,1,0,304
1167,5,0,0,3,1,-5.1,0.4457,1,0,304
1168,8,0,0,3,1,-6.23,0.4452,1,0,304
1169,5,0,0,3,1,-5.25,0.4447,1,0,304
1170,35,0,0,3,2,-8.25,0.4443,1,0,304
1171,88,0,0,11,5,-11.08,0.4438,1,0,305
1172,24,0,0,8,3,-7.04,0.4433,1,0,305
1173,30,1,1,11,3,-6.05,0.4428,1,0,306
1174,19,0,0,5,2,-5.99,0.4424,1,0,306
1175,18,0,0,6,2,-5.53,0.4419,1,0,306
1176,32,0,0,9,2,-5.87,0.4414,1,0,306
1177,23,0,0,9,2,-5.18,0.4409,1,0,306
1178,5,0,0,3,1,-4.2,0.4405,1,0,306
1179,12,0,0,4,1,-5.02,0.44,1,0,306
1180,25,0,0,8,3,-6.4,0.4395,1,0,307
1181,5,0,0,2,1,-6.0,0.439,1,0,307
1182,30,0,0,10,4,-4.65,0.4386,1,0,307
1183,45,0,0,11,3,-6.05,0.4381,1,0,307
1184,22,0,0,6,2,-5.32,0.4376,1,0,307
1185,49,0,0,9,6,-6.79,0.4371,1,0,307
1186,21,0,0,6,3,-6.61,0.4367,1,0,307
1187,38,0,0,10,3,-6.03,0.4362,1,0,307
1188,23,0,0,4,2,-4.63,0.4357,1,0,307
1189,5,0,0,3,1,-5.2,0.4352,1,0,307
1190,31,2,2,9,3,-3.26,0.4348,1,0,307
1191,57,0,0,7,4,-9.12,0.4343,1,0,307
1192,8,0,0,4,1,-4.43,0.4338,1,0,307
1193,58,0,0,12,4,-6.83,0.4333,1,0,307
1194,24,0,0,6,3,-6.14,0.4329,1,0,307
1195,23,0,0,9,3,-5.58,0.4324,1,0,307
1196,41,0,0,13,5,-6.36,0.4319,1,0,307
1197,5,0,0,2,1,-5.5,0.4314,1,0,307
1198,43,1,1,7,3,-6.38,0.431,1,0,307
1199,20,0,0,7,3,-5.6,0.4305,1,0,307
1200,28,0,0,9,4,-3.88,0.43,1,0,307
1201,35,0,0,4,2,-7.75,0.4295,1,0,309
1202,23,0,0,7,3,-4.88,0.4291,1,0,309
1203,7,0,0,4,1,-4.42,0.4286,1,0,309
1204,31,0,0,9,4,-5.96,0.4281,1,0,309
1205,26,0,0,8,3,-5.01,0.4276,1,0,309
1206,41,0,0,8,4,-6.81,0.4272,1,0,310
1207,20,0,0,8,3,-3.55,0.4267,1,0,310
1208,30,0,0,8,3,-5.35,0.4262,1,0,310
1209,12,0,0,2,1,-5.62,0.4257,1,0,310
1210,23,0,0,8,3,-5.58,0.4253,1,0,310
1211,22,1,1,8,3,-4.37,0.4248,1,0,311
1212,27,0,0,14,3,-2.72,0.4243,1,0,311
1213,25,1,1,6,3,-5.5,0.4238,1,0,311
1214,13,0,0,8,2,-4.78,0.4234,1,0,311
1215,26,0,0,7,3,-6.31,0.4229,1,0,311
1216,21,0,0,8,3,-4.51,0.4224,1,0,311
1217,10,0,0,6,1,-4.1,0.4219,1,0,311
1218,24,0,0,9,3,-3.29,0.4214,1,0,312
1219,43,0,0,8,3,-5.88,0.421,1,0,312
1220,17,0,0,5,2,-5.72,0.4205,1,0,312
1221,7,0,0,3,1,-4.72,0.42,1,0,312
1222,24,0,0,9,3,-5.29,0.4196,1,0,312
1223,23,0,0,6,3,-5.68,0.4191,1,0,312
1224,25,0,0,7,3,-6.7,0.4186,1,0,312
1225,47,0,0,9,5,-7.72,0.4181,1,0,312
1226,13,0,0,9,2,-4.58,0.4177,1,0,312
1227,26,0,0,5,3,-5.76,0.4172,1,0,312
1228,6,0,0,3,1,-4.21,0.4167,1,0,312
1229,38,0,0,8,3,-6.78,0.4162,1,0,312
1230,37,0,0,15,4,-7.62,0.4158,1,0,313
1231,26,0,0,8,3,-5.21,0.4153,1,0,313
1232,8,0,0,3,1,-5.13,0.4148,1,0,313
1233,13,0,0,1,1,-5.93,0.4143,1,0,313
1234,5,0,0,2,1,-5.95,0.4139,1,0,313
1235,35,1,1,6,4,-7.7,0.4134,1,0,315
1236,25,0,0,10,3,-4.85,0.4129,1,0,315
1237,24,0,0,8,3,-5.14,0.4124,1,0,315
1238,8,0,0,1,1,-5.38,0.412,1,0,315
1239,24,0,0,6,3,-6.39,0.4115,1,0,315
1240,5,0,0,2,1,-5.85,0.411,1,0,315
1241,41,0,0,9,3,-6.91,0.4105,1,0,315
1242,17,0,0,7,2,-4.92,0.4101,1,0,315
1243,42,0,0,10,5,-5.47,0.4096,1,0,315
1244,45,0,0,10,4,-7.5,0.4091,1,0,315
1245,48,0,0,10,3,-6.83,0.4086,1,0,315
1246,7,0,0,4,1,-5.37,0.4082,1,0,316
1247,5,0,0,3,1,-4.75,0.4077,1,0,316
1248,47,0,0,19,6,-3.47,0.4072,1,0,318
1249,30,1,1,7,4,-6.45,0.4067,1,0,318
1250,7,0,0,1,1,-6.32,0.4062,1,0,318
1251,26,1,1,7,3,-5.31,0.4058,1,0,318
1252,8,0,0,0,1,-5.68,0.4053,1,0,318
1253,44,1,1,6,6,-5.49,0.4048,1,0,319
1254,23,0,0,8,3,-4.73,0.4043,1,0,319
1255,18,0,0,6,2,-5.58,0.4039,1,0,319
1256,6,0,0,2,1,-5.46,0.4034,1,0,319
1257,20,0,0,5,3,-6.85,0.4029,1,0,319
1258,5,0,0,3,1,-4.7,0.4024,1,0,319
1259,21,0,0,5,3,-8.31,0.402,1,0,319
1260,18,0,0,2,2,-7.23,0.4015,1,0,319
1261,6,0,0,4,1,-5.41,0.401,1,0,319
1262,29,1,1,9,3,-5.04,0.4006,1,0,319
1263,117,0,0,10,12,-12.42,0.4001,1,0,322
1264,7,0,0,2,1,-5.02,0.3996,1,0,322
1265,6,0,0,2,1,-5.56,0.3991,1,0,322
1266,17,0,0,6,2,-5.17,0.3987,1,0,322
1267,20,0,0,9,3,-4.65,0.3982,1,0,322
1268,30,0,0,13,4,-5.15,0.3977,1,0,322
1269,20,0,0,5,2,-5.9,0.3972,1,0,322
1270,24,0,0,4,3,-6.29,0.3968,1,0,322
1271,16,0,0,7,2,-4.76,0.3963,1,0,322
1272,75,0,0,7,4,-12.15,0.3958,1,0,322
1273,17,0,0,5,1,-4.72,0.3953,1,0,322
1274,28,0,0,5,3,-6.93,0.3949,1,0,323
1275,13,0,0,7,2,-5.18,0.3944,1,0,324
1276,20,0,0,10,2,-4.0,0.3939,1,0,324
1277,23,0,0,9,3,-6.23,0.3934,1,0,324
1278,14,0,0,7,2,-4.64,0.393,1,0,324
1279,13,0,0,8,2,-3.88,0.3925,1,0,324
1280,14,0,0,9,2,-3.54,0.392,1,0,324
1281,9,0,0,4,1,-5.04,0.3915,1,0,324
1282,72,0,0,12,6,-6.62,0.3911,1,0,325
1283,65,0,0,10,4,-7.55,0.3906,1,0,329
1284,46,0,0,12,4,-5.76,0.3901,1,0,330
1285,56,1,1,12,5,-6.46,0.3896,1,0,330
1286,41,0,0,7,3,-5.66,0.3891,1,0,330
1287,13,0,0,8,2,-3.83,0.3887,1,0,330
1288,57,0,0,5,6,-10.62,0.3882,1,0,330
1289,38,0,0,6,3,-8.48,0.3877,1,0,330
1290,37,0,0,4,4,-8.97,0.3872,1,0,331
1291,61,0,0,12,7,-8.06,0.3868,1,0,331
1292,9,0,0,6,1,-4.14,0.3863,1,0,331
1293,8,0,0,2,1,-6.48,0.3858,1,0,331
1294,20,0,0,9,3,-6.15,0.3853,1,0,331
1295,14,0,0,5,1,-5.74,0.3849,1,0,331
1296,34,0,0,9,3,-6.39,0.3844,1,0,331
1297,36,0,0,9,4,-7.96,0.3839,1,0,331
1298,15,0,0,9,2,-3.25,0.3834,1,0,331
1299,6,0,0,3,1,-4.66,0.383,1,0,331
1300,81,0,0,12,6,-9.21,0.3825,1,0,332
1301,54,0,0,11,3,-6.14,0.382,1,0,333
1302,15,0,0,7,2,-5.7,0.3816,1,0,333
1303,17,0,0,2,1,-5.12,0.3811,1,0,333
1304,15,0,0,6,2,-5.45,0.3806,1,0,333
1305,6,0,0,3,1,-5.26,0.3801,1,0,333
1306,60,0,0,14,6,-6.55,0.3797,1,0,336
1307,29,0,0,5,3,-7.59,0.3792,1,0,336
1308,15,0,0,8,2,-4.25,0.3787,1,0,336
1309,14,0,0,8,2,-4.89,0.3782,1,0,336
1310,53,0,0,9,4,-7.58,0.3778,1,0,336
1311,22,0,0,11,3,-5.17,0.3773,1,0,336
1312,68,1,1,10,5,-6.13,0.3768,1,0,336
1313,60,1,1,14,4,-3.15,0.3763,1,0,338
1314,39,0,0,5,4,-7.64,0.3759,1,0,338
1315,22,0,0,11,3,-5.62,0.3754,1,0,338
1316,9,0,0,3,1,-5.24,0.3749,1,0,338
1317,6,0,0,3,1,-4.76,0.3744,1,0,338
1318,32,0,0,10,4,-4.52,0.374,1,0,341
1319,51,1,1,13,6,-7.46,0.3735,1,0,342
1320,25,0,0,8,3,-5.6,0.373,1,0,342
1321,59,0,0,7,6,-9.74,0.3725,1,0,342
1322,75,0,0,19,7,-5.3,0.372,1,0,342
1323,39,1,1,5,4,-8.04,0.3716,1,0,342
1324,20,1,1,8,3,-4.4,0.3711,1,0,342
1325,62,0,0,13,6,-6.52,0.3706,1,0,345
1326,55,0,0,12,4,-7.65,0.3701,1,0,345
1327,45,1,1,9,3,-7.85,0.3697,1,0,345
1328,69,0,0,12,6,-9.64,0.3692,1,0,346
1329,70,0,0,16,7,-4.3,0.3687,1,0,348
1330,14,0,0,7,2,-4.99,0.3682,1,0,348
1331,49,0,0,12,4,-6.19,0.3678,1,0,350
1332,28,0,0,10,4,-6.93,0.3673,1,0,350
1333,35,0,0,9,3,-5.5,0.3668,1,0,350
1334,14,0,0,6,2,-4.89,0.3663,1,0,350
1335,10,0,0,4,1,-6.0,0.3659,1,0,350
1336,16,0,0,7,2,-5.11,0.3654,1,0,350
1337,35,0,0,8,4,-7.35,0.3649,1,0,350
1338,17,0,0,6,2,-5.52,0.3644,1,0,350
1339,37,0,0,7,3,-6.07,0.364,1,0,350
1340,34,0,0,6,3,-6.84,0.3635,1,0,350
1341,23,0,0,8,3,-5.08,0.363,1,0,350
1342,55,0,0,4,3,-6.9,0.3626,1,0,351
1343,99,0,0,10,5,-10.19,0.3621,1,0,351
1344,29,0,0,8,3,-6.54,0.3616,1,0,351
1345,14,0,0,8,2,-4.69,0.3611,1,0,351
1346,13,0,0,6,2,-5.48,0.3607,1,0,351
1347,7,0,0,6,1,-3.87,0.3602,1,0,351
1348,28,0,0,8,4,-6.23,0.3597,1,0,351
1349,30,0,0,11,3,-5.4,0.3592,1,0,351
1350,36,0,0,7,3,-5.96,0.3588,1,0,351
1351,23,1,1,7,3,-5.33,0.3583,1,0,351
1352,15,0,0,9,2,-4.0,0.3578,1,0,352
1353,92,0,0,13,6,-7.52,0.3573,1,0,352
1354,9,0,0,6,1,-4.84,0.3569,1,0,352
1355,79,0,0,18,5,-5.19,0.3564,1,0,354
1356,126,1,1,15,8,-8.51,0.3559,1,0,354
1357,21,0,0,7,3,-6.31,0.3554,1,0,354
1358,5,0,0,4,1,-4.95,0.3549,1,0,354
1359,5,0,0,2,1,-5.4,0.3545,1,0,354
1360,5,0,0,4,1,-4.95,0.354,1,0,354
1361,30,0,0,10,4,-5.0,0.3535,1,0,354
1362,5,0,0,2,1,-5.95,0.353,1,0,354
1363,16,0,0,7,2,-5.31,0.3526,1,0,354
1364,15,0,0,5,2,-6.4,0.3521,1,0,354
1365,42,0,0,9,5,-6.17,0.3516,1,0,355
1366,41,1,1,13,4,-4.36,0.3511,1,0,355
1367,7,0,0,3,1,-5.17,0.3507,1,0,355
1368,14,0,0,7,2,-5.09,0.3502,1,0,355
1369,35,0,0,7,4,-7.05,0.3497,1,0,355
1370,26,1,1,8,3,-4.31,0.3492,1,0,355
1371,30,0,0,9,4,-6.4,0.3488,1,0,355
1372,119,0,0,10,5,-12.24,0.3483,1,0,358
1373,7,0,0,4,1,-5.02,0.3478,1,0,358
1374,27,0,0,8,4,-7.67,0.3473,1,0,358
1375,39,0,0,5,3,-8.54,0.3469,1,0,358
1376,14,0,0,6,2,-6.49,0.3464,1,0,358
1377,19,0,0,9,2,-4.04,0.3459,1,0,359
1378,69,0,0,15,7,-6.59,0.3455,1,0,362
1379,19,0,0,3,3,-6.54,0.345,1,0,362
1380,22,0,0,9,3,-5.57,0.3445,1,0,362
1381,63,0,0,9,4,-7.33,0.344,1,0,363
1382,19,0,0,1,1,-5.99,0.3436,1,0,363
1383,21,0,0,5,3,-6.91,0.3431,1,0,363
1384,11,0,0,4,1,-4.51,0.3426,1,0,363
1385,25,0,0,11,3,-5.5,0.3421,1,0,363
1386,14,0,0,4,2,-6.19,0.3417,1,0,363
1387,347,0,0,11,44,-29.12,0.3412,1,0,364
1388,20,0,0,7,3,-5.2,0.3407,1,0,364
1389,17,0,0,8,2,-4.97,0.3402,1,0,364
1390,59,0,0,6,5,-7.39,0.3398,1,0,365
1391,81,0,0,19,7,-6.46,0.3393,1,0,365
1392,7,0,0,2,1,-5.57,0.3388,1,0,365
1393,13,0,0,4,2,-6.58,0.3383,1,0,365
1394,14,0,0,5,2,-4.84,0.3379,1,0,365
1395,57,1,1,13,5,-4.57,0.3374,1,0,365
1396,36,0,0,15,5,-4.96,0.3369,1,0,365
1397,83,0,0,9,5,-8.03,0.3364,1,0,366
1398,6,0,0,3,1,-4.76,0.336,1,0,366
1399,25,0,0,8,3,-5.9,0.3355,1,0,366
1400,6,0,0,3,1,-5.71,0.335,1,0,366
1401,13,0,0,6,2,-5.33,0.3345,1,0,366
1402,26,0,0,10,3,-4.96,0.3341,1,0,366
1403,5,0,0,4,1,-5.25,0.3336,1,0,366
1404,25,0,0,9,3,-6.2,0.3331,1,0,366
1405,13,0,0,8,2,-4.23,0.3326,1,0,366
1406,31,0,0,11,4,-5.91,0.3322,1,0,366
1407,20,1,1,8,3,-3.95,0.3317,1,0,366
1408,49,1,1,12,3,-5.69,0.3312,1,0,366
1409,23,0,0,8,3,-5.68,0.3307,1,0,366
1410,22,0,0,6,2,-6.42,0.3303,1,0,366
1411,25,0,0,11,3,-5.2,0.3298,1,0,366
1412,5,0,0,3,1,-4.3,0.3293,1,0,366
1413,75,0,0,11,5,-9.5,0.3288,1,0,367
1414,84,1,1,8,4,-8.24,0.3284,1,0,367
1415,14,0,0,5,2,-4.74,0.3279,1,0,367
1416,53,1,1,10,3,-4.23,0.3274,1,0,368
1417,27,0,0,3,1,-6.92,0.3269,1,0,368
1418,47,0,0,8,3,-8.37,0.3265,1,0,368
1419,27,1,1,12,3,-3.17,0.326,1,0,368
1420,26,0,0,8,3,-6.11,0.3255,1,0,368
1421,40,0,0,11,4,-5.45,0.325,1,0,368
1422,7,0,0,6,1,-4.27,0.3246,1,0,368
1423,13,0,0,3,2,-6.28,0.3241,1,0,368
1424,47,0,0,9,4,-8.42,0.3236,1,0,368
1425,25,0,0,7,3,-5.3,0.3231,1,0,368
1426,15,0,0,5,2,-4.35,0.3227,1,0,368
1427,20,0,0,6,2,-4.5,0.3222,1,0,368
1428,31,0,0,15,4,-3.71,0.3217,1,0,368
1429,130,0,0,11,7,-9.75,0.3212,1,0,368
1430,22,0,0,10,3,-4.87,0.3208,1,0,368
1431,59,0,0,9,6,-7.64,0.3203,1,0,368
1432,21,0,0,12,3,-3.36,0.3198,1,0,368
1433,26,0,0,10,3,-4.26,0.3193,1,0,368
1434,52,0,0,11,5,-9.07,0.3189,1,0,368
1435,14,0,0,8,2,-4.39,0.3184,1,0,368
1436,32,0,0,8,4,-6.22,0.3179,1,0,368
1437,5,0,0,3,1,-5.25,0.3174,1,0,368
1438,72,0,0,8,3,-7.17,0.317,1,0,368
1439,49,0,0,6,2,-5.44,0.3165,1,0,368
1440,22,0,0,8,3,-4.57,0.316,1,0,369
1441,22,0,0,9,3,-4.77,0.3155,1,0,369
1442,73,0,0,16,7,-7.88,0.3151,1,0,372
1443,52,1,1,12,5,-5.77,0.3146,1,0,372
1444,72,1,1,8,3,-6.22,0.3141,1,0,372
1445,14,0,0,6,2,-5.39,0.3136,1,0,372
1446,13,0,0,3,2,-4.88,0.3132,1,0,372
1447,180,0,0,17,12,-12.6,0.3127,1,0,377
1448,5,0,0,3,1,-5.2,0.3122,1,0,377
1449,22,0,0,12,3,-4.27,0.3117,1,0,377
1450,15,0,0,7,2,-4.1,0.3113,1,0,377
1451,22,0,0,10,3,-4.77,0.3108,1,0,377
1452,48,0,0,11,4,-6.78,0.3103,1,0,377
1453,7,0,0,6,1,-4.82,0.3098,1,0,377
1454,5,0,0,2,1,-5.05,0.3094,1,0,377
1455,31,0,0,10,4,-5.41,0.3089,1,0,377
1456,10,0,0,5,1,-6.1,0.3084,1,0,377
1457,19,0,0,9,2,-4.14,0.3079,1,0,377
1458,45,0,0,9,4,-5.5,0.3075,1,0,377
1459,38,0,0,15,5,-5.23,0.307,1,0,377
1460,23,0,0,8,3,-6.48,0.3065,1,0,377
1461,7,0,0,2,1,-6.02,0.306,1,0,377
1462,38,0,0,7,4,-6.68,0.3056,1,0,377
1463,25,0,0,11,3,-5.1,0.3051,1,0,377
1464,38,0,0,7,4,-6.23,0.3046,1,0,377
1465,17,0,0,9,2,-6.07,0.3041,1,0,377
1466,26,0,0,10,3,-3.91,0.3037,1,0,377
1467,30,0,0,10,4,-4.5,0.3032,1,0,377
1468,13,0,0,5,2,-5.28,0.3027,1,0,377
1469,22,0,0,7,3,-6.67,0.3022,1,0,377
1470,18,0,0,6,1,-5.43,0.3018,1,0,377
1471,32,0,0,12,4,-4.47,0.3013,1,0,377
1472,100,0,0,13,5,-10.45,0.3008,1,0,377
1473,13,0,0,7,2,-4.98,0.3003,1,0,377
1474,7,0,0,3,1,-4.17,0.2999,1,0,377
1475,66,0,0,20,7,-5.51,0.2994,1,0,384
1476,24,0,0,6,3,-6.64,0.2989,1,0,384
1477,33,0,0,15,4,-5.08,0.2984,1,0,384
1478,21,0,0,4,3,-6.01,0.298,1,0,384
1479,13,0,0,8,2,-4.28,0.2975,1,0,384
1480,5,0,0,4,1,-4.9,0.297,1,0,384
1481,7,0,0,4,1,-4.92,0.2965,1,0,384
1482,23,0,0,8,3,-5.03,0.2961,1,0,384
1483,120,0,0,14,7,-10.95,0.2956,1,0,384
1484,7,0,0,3,1,-6.07,0.2951,1,0,384
1485,6,0,0,2,1,-6.01,0.2946,1,0,384
1486,5,0,0,4,1,-4.45,0.2942,1,0,384
1487,13,0,0,5,2,-6.73,0.2937,1,0,384
1488,21,0,0,6,3,-5.61,0.2932,1,0,384
1489,59,1,1,6,3,-5.09,0.2927,1,0,384
1490,46,0,0,9,3,-6.61,0.2923,1,0,384
1491,13,0,0,6,2,-4.13,0.2918,1,0,384
1492,39,2,2,8,3,-4.09,0.2913,1,0,384
1493,32,0,0,14,4,-5.57,0.2908,1,0,384
1494,26,0,0,8,3,-5.56,0.2903,1,0,384
1495,5,0,0,4,1,-4.9,0.2899,1,0,384
1496,23,0,0,9,3,-5.18,0.2894,1,0,384
1497,14,0,0,8,2,-4.39,0.2889,1,0,384
1498,14,0,0,8,2,-4.29,0.2884,1,0,385
1499,144,0,0,18,9,-6.64,0.288,1,0,385
1500,24,1,1,9,3,-5.04,0.2875,1,0,385
1501,79,0,0,19,8,-8.19,0.287,1,0,386
1502,23,0,0,11,3,-5.43,0.2866,1,0,386
1503,63,0,0,12,4,-5.38,0.2861,1,0,386
1504,32,0,0,11,3,-3.22,0.2856,1,0,386
1505,15,0,0,6,2,-5.05,0.2851,1,0,386
1506,135,0,0,11,6,-9.3,0.2847,1,0,386
1507,29,0,0,9,3,-5.84,0.2842,1,0,386
1508,79,1,1,11,5,-8.19,0.2837,1,0,389
1509,87,1,1,15,4,-4.77,0.2832,1,0,390
1510,42,0,0,8,4,-5.32,0.2828,1,0,392
1511,8,0,0,4,1,-5.43,0.2823,1,0,392
1512,62,0,0,17,5,-2.77,0.2818,1,0,392
1513,91,0,0,7,3,-8.21,0.2813,1,0,392
1514,37,0,0,10,3,-6.97,0.2809,1,0,392
1515,6,0,0,2,1,-5.46,0.2804,1,0,392
1516,52,0,0,7,5,-8.02,0.2799,1,0,392
1517,15,0,0,8,2,-4.3,0.2794,1,0,392
1518,25,0,0,8,3,-6.5,0.279,1,0,392
1519,21,0,0,10,3,-3.91,0.2785,1,0,394
1520,28,0,0,4,3,-7.33,0.278,1,0,394
1521,220,1,1,13,11,-11.3,0.2775,1,0,399
1522,36,0,0,10,3,-5.86,0.2771,1,0,399
1523,13,0,0,9,2,-4.83,0.2766,1,0,399
1524,93,0,0,13,5,-6.13,0.2761,1,0,399
1525,23,0,0,8,3,-4.08,0.2756,1,0,399
1526,32,2,2,17,4,-2.62,0.2752,1,0,400
1527,7,0,0,5,1,-3.92,0.2747,1,0,400
1528,28,0,0,6,3,-4.38,0.2742,1,0,400
1529,5,0,0,4,1,-4.05,0.2737,1,0,400
1530,35,0,0,8,3,-5.8,0.2732,1,0,400
1531,38,0,0,6,3,-7.98,0.2728,1,0,401
1532,44,0,0,12,4,-5.39,0.2723,1,0,402
1533,128,0,0,14,5,-6.98,0.2718,1,0,402
1534,13,0,0,8,2,-4.28,0.2713,1,0,402
1535,6,0,0,3,1,-5.71,0.2709,1,0,402
1536,66,0,0,17,5,-4.41,0.2704,1,0,402
1537,6,0,0,3,1,-5.71,0.2699,1,0,402
1538,30,0,0,8,3,-5.7,0.2694,1,0,402
1539,6,0,0,4,1,-5.46,0.269,1,0,402
1540,40,0,0,5,3,-6.6,0.2685,1,0,402
1541,45,0,0,16,5,-3.5,0.268,1,0,402
1542,73,0,0,11,5,-6.53,0.2676,1,0,402
1543,25,0,0,11,3,-4.5,0.2671,1,0,402
1544,141,0,0,16,8,-9.71,0.2666,1,0,404
1545,26,1,1,8,3,-3.21,0.2661,1,0,404
1546,5,0,0,3,1,-4.7,0.2657,1,0,404
1547,68,1,1,22,5,-0.83,0.2652,1,0,405
1548,60,0,0,12,7,-6.9,0.2647,1,0,407
1549,15,0,0,6,2,-4.65,0.2642,1,0,407
1550,5,0,0,3,1,-4.7,0.2638,1,0,407
1551,67,0,0,13,5,-10.62,0.2633,1,0,407
1552,22,0,0,8,3,-6.57,0.2628,1,0,407
1553,23,0,0,7,3,-6.43,0.2623,1,0,407
1554,73,0,0,14,8,-4.03,0.2619,1,0,408
1555,22,0,0,9,3,-5.27,0.2614,1,0,408
1556,31,1,1,10,3,-5.46,0.2609,1,0,408
1557,23,0,0,11,3,-5.58,0.2604,1,0,408
1558,28,0,0,9,3,-5.33,0.26,1,0,408
1559,51,0,0,2,1,-6.11,0.2595,1,0,408
1560,7,0,0,5,1,-5.12,0.259,1,0,408
1561,44,0,0,18,5,-2.29,0.2585,1,0,410
1562,16,0,0,4,2,-5.61,0.2581,1,0,410
1563,23,0,0,6,3,-6.43,0.2576,1,0,414
1564,5,0,0,3,1,-6.05,0.2571,1,0,414
1565,125,1,1,13,4,-6.2,0.2566,1,0,417
1566,13,0,0,5,2,-4.78,0.2561,1,0,417
1567,14,0,0,10,2,-3.44,0.2557,1,0,417
1568,9,0,0,6,1,-4.84,0.2552,1,0,417
1569,5,0,0,3,1,-5.65,0.2547,1,0,417
1570,9,0,0,4,1,-5.14,0.2542,1,0,417
1571,37,0,0,9,3,-4.27,0.2538,1,0,417
1572,148,0,0,14,8,-10.23,0.2533,1,0,417
1573,23,0,0,6,3,-6.58,0.2528,1,0,420
1574,22,0,0,6,3,-7.12,0.2523,1,0,420
1575,31,0,0,7,3,-4.41,0.2519,1,0,420
1576,30,0,0,12,4,-4.85,0.2514,1,0,421
1577,20,0,0,4,2,-6.7,0.2509,1,0,421
1578,34,1,1,9,4,-6.79,0.2504,1,0,421
1579,57,0,0,15,6,-5.57,0.25,1,0,423
1580,121,2,2,15,8,-6.61,0.2495,1,0,424
1581,20,0,0,8,3,-4.05,0.249,1,0,424
1582,21,1,1,10,3,-5.11,0.2486,1,0,424
1583,7,0,0,5,1,-3.67,0.2481,1,0,424
1584,84,1,1,13,5,-7.29,0.2476,1,0,424
1585,28,0,0,11,3,-2.93,0.2471,1,0,424
1586,5,0,0,4,1,-4.95,0.2467,1,0,424
1587,5,0,0,4,1,-5.2,0.2462,1,0,424
1588,20,0,0,12,3,-3.35,0.2457,1,0,424
1589,32,0,0,16,4,-4.17,0.2452,1,0,424
1590,15,0,0,9,2,-3.05,0.2448,1,0,425
1591,21,0,0,14,3,-1.66,0.2443,1,0,425
1592,24,0,0,10,3,-3.94,0.2438,1,0,425
1593,26,0,0,14,3,-3.36,0.2433,1,0,425
1594,24,0,0,10,3,-4.54,0.2429,1,0,425
1595,80,0,0,15,6,-5.55,0.2424,1,0,426
1596,24,0,0,11,3,-4.64,0.2419,1,0,426
1597,41,0,0,12,4,-3.66,0.2414,1,0,426
1598,14,0,0,3,1,-5.34,0.2409,1,0,426
1599,14,0,0,2,1,-6.49,0.2405,1,0,426
1600,24,1,1,9,3,-5.69,0.24,1,0,426
1601,61,0,0,20,6,-5.36,0.2395,1,0,426
1602,126,1,1,14,6,-7.11,0.239,1,0,427
1603,131,1,1,18,8,-4.71,0.2386,1,0,428
1604,5,0,0,3,1,-5.2,0.2381,1,0,428
1605,153,1,1,26,10,-6.48,0.2376,1,0,428
1606,46,0,0,10,3,-7.01,0.2371,1,0,428
1607,141,0,0,18,7,-7.21,0.2367,1,0,428
1608,45,0,0,9,4,-6.9,0.2362,1,0,428
1609,105,0,0,14,6,-7.15,0.2357,1,0,428
1610,8,0,0,3,1,-5.88,0.2352,1,0,428
1611,21,0,0,11,3,-3.51,0.2348,1,0,428
1612,29,0,0,9,3,-4.94,0.2343,1,0,428
1613,51,0,0,10,4,-4.31,0.2338,1,0,428
1614,67,1,1,16,5,-4.62,0.2333,1,0,428
1615,24,0,0,8,3,-4.89,0.2329,1,0,429
1616,7,0,0,6,1,-3.82,0.2324,1,0,429
1617,6,0,0,3,1,-5.21,0.2319,1,0,429
1618,13,0,0,8,2,-3.78,0.2314,1,0,429
1619,84,0,0,11,4,-6.99,0.231,1,0,429
1620,20,0,0,7,3,-5.55,0.2305,1,0,430
1621,40,0,0,10,5,-7.05,0.23,1,0,431
1622,5,0,0,1,1,-5.15,0.2296,1,0,431
1623,41,0,0,10,4,-5.21,0.2291,1,0,431
1624,44,1,1,13,5,-6.14,0.2286,1,0,432
1625,13,0,0,6,2,-5.03,0.2281,1,0,432
1626,21,0,0,11,3,-3.56,0.2277,1,0,432
1627,13,0,0,6,2,-5.93,0.2272,1,0,432
1628,13,0,0,4,2,-4.13,0.2267,1,0,432
1629,78,0,0,19,6,-4.58,0.2262,1,0,432
1630,27,0,0,7,3,-5.87,0.2258,1,0,432
1631,68,1,1,9,5,-2.78,0.2253,1,0,432
1632,76,2,2,11,6,-6.26,0.2248,1,0,432
1633,16,0,0,7,2,-5.16,0.2243,1,0,432
1634,25,0,0,9,3,-3.85,0.2239,1,0,432
1635,25,0,0,6,3,-7.1,0.2234,1,0,432
1636,132,1,1,22,9,-6.72,0.2229,1,0,434
1637,51,1,1,14,5,-5.16,0.2224,1,0,434
1638,91,0,0,20,7,-5.41,0.222,1,0,434
1639,71,1,1,8,4,-4.16,0.2215,1,0,434
1640,39,0,0,7,3,-4.64,0.221,1,0,434
1641,10,0,0,2,1,-6.6,0.2205,1,0,434
1642,186,2,2,25,17,-7.21,0.2201,1,0,434
1643,24,1,1,10,3,-2.99,0.2196,1,0,434
1644,24,0,0,9,3,-4.74,0.2191,1,0,434
1645,12,0,0,1,1,-6.37,0.2186,1,0,434
1646,63,0,0,12,5,-7.38,0.2182,1,0,434
1647,205,0,0,16,24,-16.05,0.2177,1,0,434
1648,20,0,0,7,3,-5.35,0.2172,1,0,434
1649,6,0,0,1,1,-5.16,0.2167,1,0,434
1650,27,0,0,9,4,-6.42,0.2163,1,0,434
1651,50,0,0,4,5,-6.3,0.2158,1,0,434
1652,126,2,2,18,8,-10.76,0.2153,1,0,434
1653,197,1,1,25,12,-8.97,0.2148,1,0,435
1654,207,1,1,10,16,-10.37,0.2144,1,0,436
1655,162,0,0,16,11,-11.72,0.2139,1,0,437
1656,20,0,0,8,3,-5.4,0.2134,1,0,437
1657,22,0,0,9,3,-4.27,0.2129,1,0,437
1658,6,0,0,3,1,-4.66,0.2125,1,0,437
1659,42,0,0,8,6,-7.52,0.212,1,0,438
1660,181,1,1,34,13,-5.81,0.2115,1,0,441
1661,90,2,2,25,8,-1.1,0.211,1,0,442
1662,31,0,0,10,4,-5.36,0.2106,1,0,442
1663,36,0,0,12,4,-3.41,0.2101,1,0,442
1664,20,0,0,11,3,-4.55,0.2096,1,0,442
1665,61,0,0,21,6,-2.61,0.2091,1,0,442
1666,32,0,0,8,3,-5.52,0.2087,1,0,442
1667,213,0,0,28,13,-8.83,0.2082,1,0,445
1668,66,1,1,18,6,-4.31,0.2077,1,0,447
1669,5,0,0,3,1,-4.75,0.2072,1,0,447
1670,155,1,1,30,12,-2.45,0.2068,1,0,447
1671,13,0,0,7,2,-4.13,0.2063,1,0,447
1672,61,0,0,13,5,-5.36,0.2058,1,0,447
1673,91,0,0,24,6,-3.76,0.2053,1,0,447
1674,29,0,0,9,4,-5.79,0.2049,1,0,448
1675,59,1,1,13,5,-3.44,0.2044,1,0,449
1676,27,0,0,7,3,-7.37,0.2039,1,0,449
1677,13,0,0,6,2,-4.43,0.2034,1,0,449
1678,5,0,0,3,1,-5.2,0.203,1,0,449
1679,13,0,0,4,2,-6.03,0.2025,1,0,449
1680,24,0,0,9,3,-4.39,0.202,1,0,449
1681,22,0,0,11,3,-5.07,0.2015,1,0,449
1682,60,0,0,13,5,-7.95,0.2011,1,0,449
1683,30,0,0,12,4,-4.0,0.2006,1,0,449
1684,199,1,1,24,13,-6.74,0.2001,1,0,449
1685,30,0,0,11,3,-3.8,0.1996,1,0,449
1686,23,0,0,10,3,-3.53,0.1992,1,0,449
1687,142,0,0,9,12,-9.47,0.1987,1,0,449
1688,58,0,0,18,5,-3.83,0.1982,1,0,449
1689,56,0,0,8,4,-6.51,0.1977,1,0,449
1690,87,1,1,14,6,-5.27,0.1973,1,0,449
1691,44,0,0,15,4,-4.19,0.1968,1,0,449
1692,122,1,1,12,7,-6.62,0.1963,1,0,449
1693,318,0,0,28,17,-9.03,0.1958,1,0,449
1694,25,0,0,12,3,-3.8,0.1954,1,0,449
1695,22,0,0,12,3,-2.87,0.1949,1,0,449
1696,79,0,0,13,4,-6.59,0.1944,1,0,449
1697,162,0,0,20,10,-6.87,0.1939,1,0,449
1698,20,0,0,8,3,-4.05,0.1935,1,0,449
1699,59,0,0,10,5,-4.94,0.193,1,0,451
1700,14,0,0,4,2,-6.99,0.1925,1,0,451
1701,26,1,1,15,3,-2.16,0.192,1,0,451
1702,5,0,0,4,1,-5.4,0.1916,1,0,451
1703,92,2,2,16,6,-4.52,0.1911,1,0,451
1704,53,2,2,14,5,-3.48,0.1906,1,0,451
1705,24,0,0,7,3,-7.89,0.1901,1,0,451
1706,25,0,0,8,3,-5.0,0.1897,1,0,451
1707,166,1,1,48,14,-4.56,0.1892,1,0,453
1708,7,0,0,6,1,-4.27,0.1887,1,0,453
1709,5,0,0,3,1,-5.6,0.1882,1,0,453
1710,13,0,0,8,2,-4.83,0.1878,1,0,453
1711,7,0,0,3,1,-5.12,0.1873,1,0,453
1712,121,0,0,20,10,-6.71,0.1868,1,0,454
1713,83,0,0,21,8,-3.88,0.1863,1,0,458
1714,400,1,1,44,20,-4.05,0.1859,0,1,459
1715,22,0,0,9,3,-4.67,0.1854,1,0,459
1716,22,0,0,10,3,-4.37,0.1849,1,0,459
1717,63,1,1,17,5,-4.38,0.1844,1,0,461
1718,20,0,0,9,3,-5.05,0.184,1,0,461
1719,400,2,2,46,22,-1.95,0.1835,0,1,465
1720,143,1,1,26,12,-3.23,0.183,1,0,465
1721,51,0,0,17,4,-4.06,0.1825,1,0,465
1722,5,0,0,4,1,-4.95,0.1821,1,0,465
1723,7,0,0,5,1,-4.67,0.1816,1,0,465
1724,22,0,0,9,3,-6.07,0.1811,1,0,465
1725,152,0,0,16,9,-6.92,0.1806,1,0,466
1726,37,0,0,9,4,-4.57,0.1802,1,0,466
1727,167,2,2,23,12,-5.87,0.1797,1,0,466
1728,20,0,0,9,3,-4.55,0.1792,1,0,466
1729,27,0,0,10,4,-6.37,0.1787,1,0,466
1730,30,0,0,10,4,-6.0,0.1783,1,0,466
1731,34,1,1,17,4,-0.69,0.1778,1,0,468
1732,29,0,0,10,4,-4.84,0.1773,1,0,468
1733,45,0,0,11,4,-5.5,0.1768,1,0,468
1734,23,0,0,9,3,-6.63,0.1764,1,0,468
1735,22,0,0,11,3,-4.57,0.1759,1,0,468
1736,13,0,0,5,2,-4.83,0.1754,1,0,468
1737,144,0,0,14,8,-7.29,0.1749,1,0,469
1738,101,0,0,27,8,-4.61,0.1744,1,0,469
1739,26,0,0,10,3,-3.86,0.174,1,0,469
1740,31,0,0,10,4,-4.46,0.1735,1,0,470
1741,24,0,0,11,3,-3.54,0.173,1,0,470
1742,49,0,0,24,6,-2.14,0.1726,1,0,470
1743,35,0,0,12,5,-4.45,0.1721,1,0,470
1744,89,1,1,15,5,-1.64,0.1716,1,0,470
1745,23,0,0,7,3,-5.33,0.1711,1,0,470
1746,15,0,0,6,2,-6.5,0.1707,1,0,470
1747,55,0,0,9,3,-4.55,0.1702,1,0,470
1748,27,0,0,11,4,-4.17,0.1697,1,0,470
1749,89,0,0,13,9,-5.99,0.1692,1,0,470
1750,217,1,1,28,22,-6.02,0.1688,1,0,471
1751,44,2,2,12,6,-3.89,0.1683,1,0,474
1752,44,1,1,13,5,-4.99,0.1678,1,0,474
1753,36,1,1,13,5,-4.21,0.1673,1,0,474
1754,53,0,0,17,7,-4.23,0.1669,1,0,477
1755,24,1,1,6,3,-6.64,0.1664,1,0,477
1756,6,0,0,2,1,-4.51,0.1659,1,0,477
1757,21,0,0,6,3,-5.21,0.1654,1,0,477
1758,274,2,2,34,13,-5.14,0.165,1,0,477
1759,24,0,0,6,3,-5.14,0.1645,1,0,477
1760,29,0,0,13,4,-3.89,0.164,1,0,477
1761,32,0,0,12,3,-3.27,0.1635,1,0,477
1762,26,0,0,8,2,-4.46,0.1631,1,0,477
1763,273,2,2,47,15,-2.88,0.1626,1,0,477
1764,138,2,2,24,8,-4.63,0.1621,1,0,479
1765,21,0,0,5,3,-4.86,0.1616,1,0,479
1766,132,0,0,25,8,-3.62,0.1612,1,0,479
1767,202,1,1,34,12,0.78,0.1607,1,0,479
1768,163,0,0,12,11,-10.38,0.1602,1,0,479
1769,22,0,0,9,3,-3.07,0.1597,1,0,479
1770,111,0,0,17,6,-6.51,0.1593,1,0,480
1771,400,1,1,37,16,-5.35,0.1588,0,1,480
1772,280,1,1,27,33,-13.65,0.1583,1,0,481
1773,85,1,1,25,9,-5.0,0.1578,1,0,481
1774,235,1,1,50,14,-3.1,0.1573,1,0,481
1775,24,0,0,10,3,-5.34,0.1569,1,0,481
1776,48,0,0,19,5,-2.03,0.1564,1,0,481
1777,83,1,1,7,4,-6.88,0.1559,1,0,481
1778,26,0,0,12,3,-5.31,0.1554,1,0,481
1779,88,0,0,14,6,-8.18,0.155,1,0,481
1780,400,1,1,32,19,-7.15,0.1545,0,1,482
1781,92,0,0,28,7,-2.22,0.154,1,0,483
1782,136,1,1,20,8,-6.71,0.1536,1,0,484
1783,51,1,1,23,6,-1.26,0.1531,1,0,484
1784,54,0,0,12,6,-7.24,0.1526,1,0,484
1785,6,0,0,3,1,-5.21,0.1521,1,0,484
1786,100,0,0,15,6,-5.85,0.1517,1,0,484
1787,26,0,0,14,3,-4.21,0.1512,1,0,484
1788,53,0,0,12,3,-5.28,0.1507,1,0,484
1789,34,1,1,11,4,-3.69,0.1502,1,0,484
1790,29,0,0,11,4,-5.64,0.1498,1,0,484
1791,198,1,1,28,15,-12.13,0.1493,1,0,484
1792,175,0,0,37,16,-5.75,0.1488,1,0,484
1793,245,0,0,17,8,-8.35,0.1483,1,0,484
1794,156,1,1,22,11,-5.41,0.1479,1,0,484
1795,310,1,1,38,15,-4.55,0.1474,1,0,485
1796,42,0,0,19,6,-2.42,0.1469,1,0,485
1797,7,0,0,5,1,-4.12,0.1464,1,0,485
1798,394,0,0,40,24,-9.34,0.146,1,0,486
1799,5,0,0,4,1,-4.9,0.1455,1,0,486
1800,41,0,0,17,5,-3.41,0.145,1,0,486
1801,39,0,0,8,4,-6.84,0.1445,1,0,486
1802,361,1,1,48,14,-3.06,0.1441,1,0,487
1803,400,0,0,26,19,-12.25,0.1436,0,1,487
1804,13,0,0,2,1,-5.98,0.1431,1,0,487
1805,21,0,0,3,1,-7.11,0.1426,1,0,487
1806,21,0,0,14,3,-4.11,0.1421,1,0,487
1807,13,0,0,8,2,-5.58,0.1417,1,0,487
1808,8,0,0,4,1,-5.03,0.1412,1,0,487
1809,298,0,0,29,23,-9.38,0.1407,1,0,487
1810,39,0,0,15,4,-3.34,0.1402,1,0,487
1811,7,0,0,3,1,-5.82,0.1398,1,0,487
1812,6,0,0,2,1,-5.91,0.1393,1,0,487
1813,139,0,0,26,13,-6.09,0.1388,1,0,487
1814,146,1,1,41,13,-1.31,0.1383,1,0,488
1815,93,0,0,26,9,-5.68,0.1379,1,0,488
1816,164,0,0,30,11,-3.84,0.1374,1,0,488
1817,7,0,0,5,1,-4.12,0.1369,1,0,488
1818,114,5,5,34,12,2.61,0.1364,1,0,489
1819,228,2,2,33,12,-3.53,0.136,1,0,489
1820,104,0,0,14,6,-4.49,0.1355,1,0,489
1821,400,2,2,42,21,-3.3,0.135,0,1,490
1822,16,0,0,5,2,-6.36,0.1346,1,0,490
1823,353,3,3,59,21,-0.18,0.1341,1,0,494
1824,400,1,1,50,22,1.6,0.1336,0,1,494
1825,345,2,2,35,23,-3.1,0.1331,1,0,498
1826,161,2,2,27,10,-3.56,0.1327,1,0,501
1827,214,1,1,45,15,-0.69,0.1322,1,0,502
1828,334,1,1,50,20,-2.59,0.1317,1,0,504
1829,126,1,1,25,7,-2.26,0.1312,1,0,508
1830,38,0,0,15,5,-4.08,0.1308,1,0,508
1831,91,1,1,9,5,-6.96,0.1303,1,0,509
1832,37,1,1,12,5,-4.17,0.1298,1,0,509
1833,400,0,0,18,31,-11.25,0.1293,0,1,509
1834,8,0,0,3,1,-4.83,0.1289,1,0,509
1835,170,2,2,29,12,-3.7,0.1284,1,0,510
1836,400,3,3,43,34,-1.45,0.1279,0,1,512
1837,13,0,0,8,2,-5.33,0.1274,1,0,512
1838,80,0,0,28,8,0.75,0.127,1,0,512
1839,400,0,0,41,36,-5.55,0.1265,0,1,512
1840,21,0,0,7,3,-5.36,0.126,1,0,512
1841,48,0,0,5,3,-5.38,0.1255,1,0,512
1842,248,2,2,30,20,-7.23,0.125,1,0,512
1843,325,3,3,41,24,-6.1,0.1246,1,0,513
1844,58,0,0,11,5,-6.13,0.1241,1,0,513
1845,368,0,0,44,19,-5.78,0.1236,1,0,513
1846,117,2,2,33,9,-1.52,0.1231,1,0,513
1847,329,4,4,36,13,-1.54,0.1227,1,0,513
1848,22,0,0,11,3,-4.12,0.1222,1,0,513
1849,343,1,1,53,17,-1.23,0.1217,1,0,514
1850,262,2,2,28,14,-3.67,0.1212,1,0,515
1851,158,1,1,25,12,-3.63,0.1208,1,0,516
1852,32,1,1,14,4,-2.17,0.1203,1,0,516
1853,46,1,1,16,6,-3.21,0.1198,1,0,516
1854,54,1,1,13,7,-6.59,0.1193,1,0,516
1855,64,0,0,8,3,-4.94,0.1189,1,0,516
1856,83,0,0,24,9,-6.18,0.1184,1,0,516
1857,35,0,0,14,4,-4.2,0.1179,1,0,516
1858,217,1,1,31,10,0.33,0.1174,1,0,516
1859,35,2,2,15,5,-1.95,0.117,1,0,516
1860,22,0,0,5,3,-6.42,0.1165,1,0,516
1861,127,0,0,15,9,-6.57,0.116,1,0,516
1862,228,3,3,40,11,0.27,0.1156,1,0,516
1863,237,1,1,16,9,-8.72,0.1151,1,0,517
1864,400,1,1,41,13,1.5,0.1146,0,1,517
1865,7,0,0,3,1,-5.17,0.1141,1,0,517
1866,400,1,1,30,19,-6.9,0.1137,0,1,517
1867,400,2,2,32,18,-0.45,0.1132,0,1,517
1868,7,0,0,3,1,-4.17,0.1127,1,0,517
1869,67,0,0,18,6,-3.27,0.1122,1,0,517
1870,39,0,0,10,3,-3.64,0.1118,1,0,517
1871,21,0,0,8,3,-5.31,0.1113,1,0,517
1872,23,0,0,15,3,-1.73,0.1108,1,0,517
1873,94,0,0,24,9,-4.09,0.1103,1,0,519
1874,20,0,0,8,3,-6.9,0.1099,1,0,519
1875,50,0,0,14,5,-5.6,0.1094,1,0,519
1876,180,0,0,20,8,-8.35,0.1089,1,0,520
1877,400,0,0,45,19,-3.45,0.1084,0,1,522
1878,400,2,2,25,16,-2.7,0.108,0,1,522
1879,72,2,2,27,8,0.78,0.1075,1,0,522
1880,124,1,1,21,7,-3.94,0.107,1,0,522
1881,264,1,1,37,17,-5.84,0.1065,1,0,522
1882,400,0,0,49,17,3.15,0.1061,0,1,522
1883,76,0,0,5,2,-6.36,0.1056,1,0,523
1884,117,1,1,31,10,1.13,0.1051,1,0,525
1885,400,1,1,23,17,-4.0,0.1046,0,1,525
1886,243,1,1,31,12,-4.93,0.1042,1,0,527
1887,384,3,3,41,18,-2.04,0.1037,1,0,527
1888,23,0,0,6,3,-6.18,0.1032,1,0,527
1889,199,2,2,17,21,-9.59,0.1027,1,0,527
1890,352,0,0,13,17,-11.12,0.1023,1,0,527
1891,371,1,1,23,46,-18.31,0.1018,1,0,527
1892,80,0,0,15,11,-8.35,0.1013,1,0,527
1893,151,3,3,34,13,0.34,0.1008,1,0,527
1894,13,0,0,8,2,-4.18,0.1004,1,0,528
1895,373,0,0,11,31,-21.23,0.0999,1,0,528
1896,282,1,1,27,18,-4.82,0.0994,1,0,528
1897,230,1,1,19,29,-14.25,0.0989,1,0,529
1898,5,0,0,4,1,-5.4,0.0985,1,0,529
1899,151,3,3,37,13,1.14,0.098,1,0,529
1900,162,0,0,26,8,-4.27,0.0975,1,0,529
1901,400,2,2,38,15,0.75,0.097,0,1,530
1902,5,0,0,4,1,-4.85,0.0966,1,0,530
1903,385,2,2,49,28,-7.3,0.0961,1,0,530
1904,5,0,0,1,1,-5.85,0.0956,1,0,530
1905,288,1,1,16,26,-14.93,0.0951,1,0,531
1906,91,1,1,19,6,-3.41,0.0947,1,0,531
1907,383,0,0,23,31,-14.08,0.0942,1,0,531
1908,15,0,0,5,2,-4.8,0.0937,1,0,531
1909,34,0,0,17,5,-5.49,0.0932,1,0,531
1910,5,0,0,4,1,-5.4,0.0928,1,0,531
1911,400,1,1,46,13,4.3,0.0923,0,1,531
1912,27,0,0,13,4,-5.62,0.0918,1,0,531
1913,400,0,0,40,17,2.1,0.0913,0,1,531
1914,27,0,0,11,4,-4.67,0.0909,1,0,531
1915,122,0,0,25,11,-3.32,0.0904,1,0,531
1916,54,0,0,13,5,-4.29,0.0899,1,0,531
1917,15,0,0,5,2,-4.65,0.0894,1,0,531
1918,370,0,0,15,15,-11.45,0.089,1,0,531
1919,20,0,0,9,3,-4.2,0.0885,1,0,531
1920,283,2,2,40,19,-3.78,0.088,1,0,531
1921,74,0,0,10,3,-5.99,0.0875,1,0,531
1922,5,0,0,4,1,-4.9,0.0871,1,0,531
1923,75,2,2,14,4,-1.9,0.0866,1,0,531
1924,5,0,0,3,1,-5.6,0.0861,1,0,531
1925,38,2,2,13,5,-2.48,0.0856,1,0,531
1926,400,2,2,28,11,1.6,0.0852,0,1,531
1927,317,3,3,38,20,-5.87,0.0847,1,0,531
1928,400,1,1,31,15,-4.05,0.0842,0,1,531
1929,166,0,0,20,7,-7.66,0.0837,1,0,531
1930,80,0,0,16,7,-5.3,0.0833,1,0,531
1931,14,0,0,6,2,-6.39,0.0828,1,0,531
1932,65,0,0,24,8,-2.35,0.0823,1,0,533
1933,102,0,0,7,4,-7.67,0.0818,1,0,533
1934,5,0,0,4,1,-4.5,0.0814,1,0,533
1935,5,0,0,3,1,-5.2,0.0809,1,0,533
1936,327,2,2,34,14,-7.47,0.0804,1,0,533
1937,14,0,0,8,2,-3.74,0.0799,1,0,533
1938,140,0,0,16,5,-5.95,0.0795,1,0,533
1939,5,0,0,3,1,-4.75,0.079,1,0,533
1940,400,0,0,20,10,-5.25,0.0785,0,1,533
1941,45,0,0,7,3,-5.65,0.078,1,0,533
1942,20,1,1,7,3,-4.2,0.0776,1,0,533
1943,400,3,3,42,21,-1.05,0.0771,0,1,533
1944,400,0,0,19,28,-11.85,0.0766,0,1,533
1945,400,1,1,37,15,-1.5,0.0761,0,1,533
1946,47,1,1,20,6,-2.62,0.0757,1,0,533
1947,82,1,1,24,7,-0.17,0.0752,1,0,533
1948,27,1,1,11,4,-4.67,0.0747,1,0,533
1949,7,0,0,3,1,-4.27,0.0742,1,0,533
1950,44,1,1,18,6,-2.64,0.0738,1,0,533
1951,17,0,0,4,1,-5.67,0.0733,1,0,533
1952,400,2,2,42,15,5.35,0.0728,0,1,533
1953,400,2,2,39,20,1.6,0.0723,0,1,533
1954,20,0,0,8,3,-5.85,0.0719,1,0,533
1955,36,0,0,18,5,-3.81,0.0714,1,0,533
1956,5,0,0,2,1,-5.5,0.0709,1,0,533
1957,400,3,3,35,23,-7.15,0.0704,0,1,533
1958,82,0,0,19,6,-5.02,0.07,1,0,533
1959,313,2,2,31,11,-3.58,0.0695,1,0,533
1960,148,2,2,35,12,0.32,0.069,1,0,533
1961,400,4,4,48,21,3.2,0.0685,0,1,533
1962,156,0,0,26,9,-2.06,0.0681,1,0,533
1963,400,1,2,16,5,-1.8,0.0676,0,1,533
1964,15,0,0,2,1,-6.1,0.0671,1,0,533
1965,93,0,0,9,6,-7.18,0.0666,1,0,533
1966,31,2,2,15,4,-0.81,0.0662,1,0,533
1967,331,2,2,38,16,-3.91,0.0657,1,0,533
1968,69,1,1,8,3,-3.74,0.0652,1,0,533
1969,400,4,4,46,14,2.25,0.0647,0,1,534
1970,96,0,0,21,7,-3.86,0.0643,1,0,534
1971,179,0,0,34,12,-0.89,0.0638,1,0,534
1972,400,0,0,22,9,-3.0,0.0633,0,1,534
1973,332,1,1,33,8,-5.62,0.0628,1,0,534
1974,176,0,0,13,7,-8.86,0.0624,1,0,534
1975,279,0,0,25,31,-17.39,0.0619,1,0,535
1976,83,0,0,9,7,-6.13,0.0614,1,0,535
1977,52,0,0,21,5,-0.42,0.0609,1,0,535
1978,180,1,1,34,11,0.2,0.0605,1,0,535
1979,285,0,0,16,10,-8.55,0.06,1,0,535
1980,400,1,1,48,20,-1.35,0.0595,1,0,535
1981,400,2,2,23,17,-2.15,0.059,0,1,535
1982,400,4,4,44,20,7.8,0.0586,0,1,535
1983,400,0,0,18,39,-11.2,0.0581,0,1,536
1984,65,0,0,33,9,-0.45,0.0576,1,0,536
1985,203,0,0,6,2,-7.03,0.0571,1,0,536
1986,246,0,0,24,12,-7.66,0.0567,1,0,536
1987,80,0,0,7,4,-5.5,0.0562,1,0,537
1988,400,3,3,38,25,-2.7,0.0557,0,1,538
1989,400,0,0,40,19,0.95,0.0552,0,1,538
1990,74,0,0,35,10,-4.44,0.0548,1,0,538
1991,148,0,0,7,3,-5.98,0.0543,1,0,538
1992,164,2,2,38,12,1.46,0.0538,1,0,538
1993,5,0,0,2,1,-5.55,0.0533,1,0,538
1994,258,1,1,7,4,-9.73,0.0529,1,0,538
1995,91,0,0,13,6,-8.31,0.0524,1,0,538
1996,56,0,0,7,4,-7.76,0.0519,1,0,538
1997,208,2,2,18,6,-2.73,0.0514,1,0,539
1998,400,0,0,25,14,-7.3,0.051,0,1,539
1999,123,0,0,26,9,-5.33,0.0505,1,0,539
2000,326,1,1,53,15,2.14,0.05,1,0,540
2001,72,0,0,9,4,-5.87,0.05,1,0,540
2002,173,3,3,46,15,3.32,0.05,1,0,541
2003,36,1,1,15,5,-3.46,0.05,1,0,541
2004,202,2,2,53,15,4.13,0.05,1,0,541
2005,77,0,0,10,4,-5.02,0.05,1,0,541
2006,23,1,1,10,3,-3.33,0.05,1,0,541
2007,183,1,1,12,4,-4.88,0.05,1,0,541
2008,146,1,1,24,8,-2.06,0.05,1,0,541
2009,14,0,0,7,2,-4.49,0.05,1,0,541
2010,400,2,2,45,16,7.35,0.05,0,1,541
2011,60,0,0,7,4,-5.15,0.05,1,0,541
2012,400,0,0,21,15,-5.95,0.05,0,1,541
2013,400,0,0,26,15,-5.45,0.05,0,1,541
2014,45,2,2,16,6,-1.6,0.05,1,0,542
2015,80,1,1,33,11,-0.2,0.05,1,0,542
2016,400,2,2,30,15,1.5,0.05,0,1,542
2017,28,0,0,9,4,-5.33,0.05,1,0,542
2018,6,0,0,3,1,-4.21,0.05,1,0,542
2019,13,0,0,6,2,-5.78,0.05,1,0,542
2020,20,0,0,7,3,-6.25,0.05,1,0,542
2021,352,1,1,45,17,-4.27,0.05,1,0,542
2022,130,0,0,22,8,-4.05,0.05,1,0,542
2023,242,0,0,18,19,-12.22,0.05,1,0,542
2024,400,2,2,37,18,-4.5,0.05,0,1,542
2025,400,2,2,40,16,2.7,0.05,0,1,542
2026,13,0,0,7,2,-5.13,0.05,1,0,542
2027,20,0,0,11,3,-3.85,0.05,1,0,543
2028,372,0,0,23,7,-6.47,0.05,1,0,543
2029,21,0,0,10,3,-3.31,0.05,1,0,543
2030,400,3,3,28,15,0.1,0.05,0,1,543
2031,400,2,2,27,15,-0.3,0.05,0,1,543
2032,102,0,0,16,9,-7.07,0.05,1,0,543
2033,13,0,0,6,2,-5.33,0.05,1,0,543
2034,5,0,0,3,1,-5.25,0.05,1,0,543
2035,400,1,1,40,17,-2.65,0.05,0,1,543
2036,400,2,2,25,26,-6.95,0.05,0,1,543
2037,400,2,2,48,21,-4.55,0.05,0,1,543
2038,228,1,1,41,14,-4.33,0.05,1,0,543
2039,400,4,4,48,25,6.25,0.05,0,1,543
2040,400,4,4,36,13,3.8,0.05,0,1,543
2041,400,1,1,22,9,-3.3,0.05,0,1,543
2042,88,0,0,17,8,-6.18,0.05,1,0,543
2043,400,1,1,12,8,-4.0,0.05,0,1,543
2044,5,0,0,4,1,-4.9,0.05,1,0,543
2045,30,1,1,13,4,-0.85,0.05,1,0,543
2046,161,3,3,31,10,-1.01,0.05,1,0,543
2047,400,3,3,48,17,7.45,0.05,0,1,543
2048,179,0,0,13,7,-5.29,0.05,1,0,543
2049,248,0,0,19,13,-5.93,0.05,1,0,544
2050,400,5,5,64,21,7.6,0.05,0,1,544
2051,400,0,0,20,11,-3.5,0.05,0,1,544
2052,20,0,0,9,3,-5.1,0.05,1,0,544
2053,80,2,2,35,10,2.7,0.05,1,0,544
2054,27,0,0,10,4,-5.02,0.05,1,0,544
2055,400,1,1,49,15,2.95,0.05,0,1,544
2056,51,2,2,20,7,-0.56,0.05,1,0,544
2057,367,0,0,17,8,-7.77,0.05,1,0,544
2058,400,1,1,19,10,-6.0,0.05,0,1,544
2059,378,0,0,33,13,-5.93,0.05,1,0,544
2060,105,2,2,29,8,-2.95,0.05,1,0,544
2061,400,1,1,29,12,1.4,0.05,0,1,544
2062,19,0,0,5,3,-5.39,0.05,1,0,544
2063,144,0,0,19,8,-3.14,0.05,1,0,544
2064,125,2,2,41,15,1.05,0.05,1,0,544
2065,5,0,0,4,1,-4.45,0.05,1,0,544
2066,400,3,3,44,13,4.5,0.05,0,1,544
2067,42,0,0,18,6,-3.57,0.05,1,0,544
2068,22,0,0,9,3,-5.12,0.05,1,0,544
2069,144,0,0,8,3,-7.14,0.05,1,0,544
2070,28,0,0,13,4,-3.73,0.05,1,0,544
2071,400,1,1,38,13,-1.7,0.05,0,1,544
2072,400,4,4,51,17,8.95,0.05,0,1,544
2073,103,0,0,25,11,-3.58,0.05,1,0,544
2074,400,1,1,52,20,-0.4,0.05,0,1,545
2075,400,5,5,60,17,10.35,0.05,0,1,545
2076,28,0,0,10,4,-5.58,0.05,1,0,545
2077,400,3,3,55,18,5.45,0.05,0,1,546
2078,400,2,2,45,20,4.6,0.05,0,1,546
2079,142,1,1,20,14,-7.67,0.05,1,0,546
2080,400,1,1,28,21,-7.05,0.05,0,1,547
2081,400,1,1,38,15,0.7,0.05,0,1,547
2082,400,1,1,27,28,-11.65,0.05,0,1,547
2083,400,0,0,16,11,-3.65,0.05,0,1,547
2084,400,0,0,21,12,-4.3,0.05,0,1,547
2085,27,0,0,12,4,-4.52,0.05,1,0,547
2086,400,1,1,27,27,-11.3,0.05,0,1,547
2087,216,2,2,43,13,1.44,0.05,1,0,547
2088,400,1,1,48,21,3.9,0.05,0,1,547
2089,232,5,5,63,23,7.48,0.05,1,0,547
2090,400,0,0,33,9,0.55,0.05,0,1,547
2091,5,0,0,4,1,-5.4,0.05,1,0,547
2092,400,1,1,44,18,2.9,0.05,0,1,547
2093,20,0,0,10,3,-5.9,0.05,1,0,547
2094,400,4,4,68,25,10.7,0.05,0,1,547
2095,91,0,0,43,12,1.34,0.05,1,0,547
2096,79,0,0,31,11,-2.89,0.05,1,0,548
2097,20,1,1,7,3,-5.1,0.05,1,0,548
2098,336,6,6,80,22,13.39,0.05,1,0,548
2099,135,3,3,51,16,4.9,0.05,1,0,548
2100,400,2,2,41,15,1.9,0.05,0,1,548
2101,400,0,0,26,12,-2.9,0.05,0,1,548
2102,400,2,2,33,21,1.1,0.05,0,1,548
2103,400,1,1,76,23,10.95,0.05,0,1,548
2104,400,2,2,60,20,7.8,0.05,0,1,548
2105,400,2,2,58,19,5.95,0.05,0,1,548
2106,7,0,0,4,1,-4.27,0.05,1,0,548
2107,57,0,0,11,4,-5.92,0.05,1,0,548
2108,400,2,2,55,23,4.3,0.05,0,1,548
2109,138,2,2,54,17,3.17,0.05,1,0,549
2110,144,0,0,34,10,-1.69,0.05,1,0,549
2111,400,1,1,38,17,2.2,0.05,0,1,549
2112,400,3,3,49,20,3.45,0.05,0,1,549
2113,127,0,0,32,12,-2.62,0.05,1,0,550
2114,400,3,3,49,20,3.4,0.05,0,1,550
2115,400,4,4,54,18,8.25,0.05,0,1,550
2116,400,5,5,92,26,17.85,0.05,0,1,550
2117,400,4,4,74,22,12.05,0.05,0,1,550
2118,400,7,7,65,28,13.0,0.05,0,1,550
2119,400,3,3,60,24,6.25,0.05,0,1,550
2120,241,1,1,23,8,-3.76,0.05,1,0,550
2121,400,1,1,36,12,2.75,0.05,0,1,550
2122,181,2,2,33,11,-0.51,0.05,1,0,550
2123,47,0,0,8,2,-5.22,0.05,1,0,550
2124,333,6,6,60,37,-2.68,0.05,1,0,550
2125,400,4,4,55,22,6.35,0.05,0,1,551
2126,20,0,0,12,3,-4.4,0.05,1,0,551
2127,20,0,0,8,3,-4.5,0.05,1,0,551
2128,21,0,0,11,3,-3.11,0.05,1,0,551
2129,400,4,5,50,15,10.35,0.05,0,1,551
2130,219,1,1,28,17,-6.04,0.05,1,0,551
2131,31,0,0,16,4,-2.01,0.05,1,0,551
2132,400,1,1,31,44,-13.65,0.05,0,1,551
2133,400,0,0,17,8,-3.25,0.05,0,1,551
2134,400,1,1,57,20,5.65,0.05,0,1,551
2135,225,2,2,34,11,-0.45,0.05,1,0,552
2136,242,3,3,50,16,3.68,0.05,1,0,552
2137,267,8,8,99,29,20.73,0.05,1,0,553
2138,5,0,0,4,1,-4.95,0.05,1,0,553
2139,141,2,2,45,13,3.04,0.05,1,0,553
2140,400,2,2,63,32,1.85,0.05,0,1,553
2141,210,0,0,33,9,-1.2,0.05,1,0,554
2142,210,0,0,14,4,-4.2,0.05,1,0,554
2143,400,2,2,23,9,-0.65,0.05,0,1,554
2144,398,3,3,56,25,0.62,0.05,1,0,554
2145,400,8,8,127,42,25.85,0.05,0,1,554
2146,400,7,7,80,24,18.9,0.05,0,1,555
2147,72,0,0,15,5,-3.42,0.05,1,0,555
2148,240,3,3,78,26,9.2,0.05,1,0,555
2149,27,0,0,17,4,-3.42,0.05,1,0,555
2150,400,0,0,19,10,-3.6,0.05,0,1,555
2151,400,0,0,62,29,1.95,0.05,0,1,555
2152,279,0,0,27,13,-9.69,0.05,1,0,555
2153,260,3,3,29,11,-2.65,0.05,1,0,556
2154,5,0,0,4,1,-4.45,0.05,1,0,556
2155,5,0,0,3,1,-4.3,0.05,1,0,556
2156,45,0,0,10,3,-5.15,0.05,1,0,556
2157,135,1,1,25,9,0.15,0.05,1,0,558
2158,162,1,1,24,7,-0.87,0.05,1,0,558
2159,13,0,0,6,2,-5.38,0.05,1,0,558
2160,400,2,2,33,11,1.25,0.05,0,1,558
2161,27,0,0,9,4,-5.62,0.05,1,0,558
2162,5,0,0,4,1,-5.25,0.05,1,0,558
2163,400,1,1,33,18,-3.25,0.05,0,1,558
2164,20,0,0,9,3,-4.65,0.05,1,0,558
2165,34,0,0,17,5,-4.84,0.05,1,0,558
2166,5,0,0,1,1,-5.8,0.05,1,0,558
2167,400,3,3,33,17,-1.65,0.05,0,1,558
2168,327,0,0,29,11,-3.87,0.05,1,0,559
2169,398,7,7,72,26,9.62,0.05,1,0,559
2170,196,2,2,34,11,1.04,0.05,1,0,559
2171,58,1,1,19,6,-0.83,0.05,1,0,559
2172,400,4,4,113,39,19.05,0.05,0,1,559
2173,400,2,2,49,20,2.5,0.05,0,1,559
2174,400,2,2,54,21,4.4,0.05,0,1,559
2175,240,3,3,63,20,7.6,0.05,1,0,559
2176,400,4,4,57,19,10.25,0.05,0,1,559
2177,400,2,2,46,25,0.95,0.05,0,1,559
2178,199,2,2,32,18,-2.29,0.05,1,0,559
2179,122,2,2,50,17,3.48,0.05,1,0,559
2180,27,0,0,11,4,-4.62,0.05,1,0,559
2181,400,2,2,47,18,5.0,0.05,0,1,559
2182,21,0,0,9,3,-5.16,0.05,1,0,559
2183,400,4,4,31,18,0.95,0.05,0,1,559
2184,183,2,2,52,23,-1.88,0.05,1,0,559
2185,357,7,7,109,34,20.83,0.05,1,0,559
2186,114,2,2,38,13,3.36,0.05,1,0,559
2187,400,2,2,44,17,2.85,0.05,0,1,559
2188,400,3,3,40,17,4.5,0.05,0,1,559
2189,400,1,1,32,12,1.1,0.05,0,1,559
2190,192,2,2,70,19,7.93,0.05,1,0,559
2191,400,6,6,103,39,19.45,0.05,0,1,559
2192,400,2,2,56,23,4.85,0.05,0,1,559
2193,66,1,1,34,9,0.54,0.05,1,0,559
2194,8,0,0,4,1,-3.93,0.05,1,0,559
2195,400,1,1,60,18,7.15,0.05,0,1,559
2196,81,0,0,31,11,-3.76,0.05,1,0,560
2197,400,0,0,32,19,-3.65,0.05,0,1,560
2198,400,4,4,75,24,14.1,0.05,0,1,560
2199,400,1,1,28,11,-0.95,0.05,0,1,560
2200,400,4,4,42,27,-0.1,0.05,0,1,560
2201,400,2,2,37,11,2.95,0.05,0,1,560
2202,400,2,2,39,32,-5.4,0.05,0,1,560
2203,78,2,2,34,11,-3.33,0.05,1,0,560
2204,400,0,0,12,6,-3.25,0.05,0,1,560
2205,400,3,3,54,18,6.7,0.05,0,1,560
2206,21,0,0,9,3,-4.66,0.05,1,0,560
2207,400,3,3,48,14,6.45,0.05,0,1,560
2208,400,3,3,60,18,11.15,0.05,0,1,560
2209,400,2,2,56,17,6.15,0.05,0,1,560
2210,64,0,0,17,7,-4.49,0.05,1,0,560
2211,13,0,0,6,2,-5.98,0.05,1,0,560
2212,400,1,1,57,25,0.85,0.05,0,1,560
2213,42,0,0,16,6,-4.52,0.05,1,0,560
2214,400,1,1,41,34,-6.95,0.05,0,1,560
2215,147,3,3,45,19,-0.42,0.05,1,0,560
2216,400,1,1,34,18,-3.35,0.05,0,1,560
2217,400,2,2,42,22,-0.85,0.05,0,1,560
2218,400,3,3,36,21,0.0,0.05,0,1,560
2219,400,1,1,33,15,-3.3,0.05,0,1,560
2220,400,5,5,56,19,8.95,0.05,0,1,560
2221,43,1,1,13,6,-5.18,0.05,1,0,560
2222,67,2,2,31,9,2.03,0.05,1,0,560
2223,400,1,1,54,27,1.35,0.05,0,1,560
2224,218,2,2,44,18,-6.78,0.05,1,0,560
2225,400,1,1,70,23,9.6,0.05,0,1,560
2226,400,3,3,49,20,7.75,0.05,0,1,560
2227,148,1,1,19,10,-5.03,0.05,1,0,560
2228,352,2,2,46,20,-0.32,0.05,1,0,560
2229,183,0,0,16,6,-5.43,0.05,1,0,560
2230,400,1,1,29,11,-1.45,0.05,0,1,560
2231,56,1,1,25,8,-0.26,0.05,1,0,560
2232,400,4,4,84,30,17.75,0.05,0,1,560
2233,400,2,2,53,16,5.75,0.05,0,1,560
2234,400,4,4,63,21,9.15,0.05,0,1,561
2235,118,4,4,45,15,5.32,0.05,1,0,561
2236,400,2,2,21,35,-13.95,0.05,0,1,561
2237,377,2,2,51,17,0.83,0.05,1,0,561
2238,400,4,4,45,25,-0.25,0.05,0,1,561
2239,400,6,6,97,36,19.35,0.05,0,1,561
2240,13,0,0,6,2,-4.93,0.05,1,0,561
2241,87,1,1,28,9,-1.52,0.05,1,0,561
2242,400,1,1,25,8,-1.95,0.05,0,1,561
2243,400,2,2,44,13,7.15,0.05,0,1,561
2244,330,2,2,48,23,-6.6,0.05,1,0,561
2245,400,4,4,33,15,4.05,0.05,0,1,561
2246,156,1,1,41,12,0.29,0.05,1,0,561
2247,400,1,1,54,31,0.1,0.05,0,1,561
2248,400,2,2,22,20,-6.15,0.05,0,1,561
2249,400,1,1,44,15,2.25,0.05,0,1,561
2250,200,1,1,63,26,-2.0,0.05,1,0,562
2251,22,0,0,12,3,-3.07,0.05,1,0,562
2252,400,3,3,51,20,4.3,0.05,0,1,562
2253,400,0,0,30,12,-0.5,0.05,0,1,562
2254,57,0,0,22,8,-2.27,0.05,1,0,562
2255,400,5,5,47,20,6.4,0.05,0,1,562
2256,400,1,1,26,11,1.3,0.05,0,1,562
2257,143,1,1,72,19,6.57,0.05,1,0,562
2258,15,0,0,10,2,-2.65,0.05,1,0,562
2259,236,3,3,49,16,5.54,0.05,1,0,562
2260,235,3,3,48,15,-0.4,0.05,1,0,562
2261,41,2,2,14,6,-4.26,0.05,1,0,562
2262,400,3,3,44,33,-3.6,0.05,0,1,562
2263,400,2,2,60,25,5.0,0.05,0,1,562
2264,400,4,4,58,21,9.2,0.05,0,1,562
2265,400,4,4,39,21,-0.1,0.05,0,1,562
2266,400,8,8,124,44,28.45,0.05,0,1,562
2267,41,0,0,17,6,-4.86,0.05,1,0,562
2268,72,0,0,17,10,-6.02,0.05,1,0,563
2269,400,3,3,42,22,0.7,0.05,0,1,563
2270,400,7,7,59,19,11.8,0.05,0,1,563
2271,400,2,2,53,19,5.55,0.05,0,1,563
2272,400,3,3,34,26,-4.15,0.05,0,1,563
2273,400,3,3,62,20,9.65,0.05,0,1,563
2274,400,3,3,75,21,11.5,0.05,0,1,563
2275,400,1,1,58,20,3.25,0.05,0,1,563
2276,400,5,5,76,26,13.45,0.05,0,1,563
2277,400,5,5,49,29,8.65,0.05,0,1,563
2278,182,1,1,31,24,-5.67,0.05,1,0,563
2279,400,3,3,54,26,3.35,0.05,0,1,563
2280,400,5,5,95,28,20.2,0.05,0,1,563
2281,400,4,4,45,14,4.75,0.05,0,1,563
2282,400,4,4,57,22,9.95,0.05,0,1,563
2283,400,3,3,51,16,6.75,0.05,0,1,563
2284,27,1,1,10,4,-4.42,0.05,1,0,563
2285,400,2,2,44,17,2.7,0.05,0,1,563
2286,400,2,2,39,17,1.7,0.05,0,1,563
2287,400,3,3,63,19,10.85,0.05,0,1,563
2288,400,7,7,124,46,26.4,0.05,0,1,563
2289,140,1,1,29,11,-3.0,0.05,1,0,563
2290,400,2,2,78,23,13.0,0.05,0,1,563
2291,400,5,5,90,25,20.45,0.05,0,1,563
2292,400,3,3,39,20,0.2,0.05,0,1,563
2293,13,0,0,6,2,-4.08,0.05,1,0,563
2294,291,2,2,48,24,-1.46,0.05,1,0,563
2295,400,4,4,87,26,16.15,0.05,0,1,563
2296,400,6,6,61,31,5.65,0.05,0,1,563
2297,299,2,2,42,27,-6.24,0.05,1,0,563
2298,124,3,3,53,16,6.06,0.05,1,0,563
2299,154,2,2,36,15,-3.99,0.05,1,0,563
2300,400,9,9,109,40,22.2,0.05,0,1,564
2301,13,0,0,5,2,-5.18,0.05,1,0,564
2302,400,5,5,71,21,14.75,0.05,0,1,564
2303,152,1,1,33,11,-1.32,0.05,1,0,564
2304,400,4,4,50,18,8.85,0.05,0,1,564
2305,400,5,5,46,14,5.85,0.05,0,1,564
2306,204,4,4,44,22,1.11,0.05,1,0,564
2307,20,1,1,10,3,-3.2,0.05,1,0,564
2308,400,1,1,41,18,2.45,0.05,0,1,564
2309,303,3,3,64,36,-1.88,0.05,1,0,564
2310,400,2,2,37,15,3.15,0.05,0,1,564
2311,58,2,2,24,8,-1.98,0.05,1,0,564
2312,29,0,0,12,4,-3.84,0.05,1,0,564
2313,400,3,3,40,25,0.35,0.05,0,1,564
2314,400,8,8,108,43,22.45,0.05,0,1,564
2315,400,6,6,107,38,23.75,0.05,0,1,564
2316,400,1,1,73,23,10.0,0.05,0,1,564
2317,400,7,7,106,32,20.9,0.05,0,1,564
2318,163,0,0,17,7,-6.18,0.05,1,0,564
2319,225,4,4,62,20,6.3,0.05,1,0,564
2320,400,2,2,49,13,7.1,0.05,0,1,564
2321,400,0,0,62,34,-4.5,0.05,0,1,564
2322,400,5,5,93,28,22.05,0.05,0,1,564
2323,400,2,2,53,15,9.9,0.05,0,1,564
2324,35,1,1,15,5,-4.9,0.05,1,0,564
2325,66,2,2,28,9,0.09,0.05,1,0,564
2326,400,5,5,88,34,10.45,0.05,0,1,564
2327,368,4,4,58,26,0.77,0.05,1,0,564
2328,391,9,9,124,45,29.19,0.05,0,1,565
2329,400,4,4,55,24,6.15,0.05,0,1,565
2330,20,0,0,8,3,-3.85,0.05,1,0,565
2331,400,7,7,76,41,5.75,0.05,0,1,565
2332,110,1,1,47,14,4.8,0.05,1,0,565
2333,366,6,6,96,36,13.19,0.05,1,0,566
2334,89,0,0,34,12,-0.79,0.05,1,0,566
2335,400,3,3,81,52,-3.0,0.05,0,1,566
2336,400,6,6,107,34,19.95,0.05,0,1,566
2337,400,8,8,122,46,26.0,0.05,0,1,566
2338,45,0,0,21,6,-2.75,0.05,1,0,566
2339,63,1,1,30,8,1.87,0.05,1,0,566
2340,400,7,7,112,41,22.4,0.05,0,1,566
2341,44,2,2,17,6,-0.79,0.05,1,0,566
2342,258,1,1,53,33,-5.08,0.05,1,0,566
2343,400,7,7,113,46,16.55,0.05,0,1,566
2344,203,2,2,56,27,-2.93,0.05,1,0,566
2345,400,6,6,67,42,-0.8,0.05,0,1,566
2346,20,0,0,9,3,-4.6,0.05,1,0,566
2347,400,3,3,88,35,9.35,0.05,0,1,566
2348,7,0,0,3,1,-4.27,0.05,1,0,566
2349,150,5,5,44,17,3.5,0.05,1,0,566
2350,234,5,5,99,28,19.71,0.05,1,0,567
2351,400,4,4,52,19,7.35,0.05,0,1,567
2352,400,2,2,28,12,-0.55,0.05,0,1,567
2353,400,1,1,60,25,0.7,0.05,0,1,567
2354,400,4,4,57,24,8.35,0.05,0,1,567
2355,400,5,5,99,28,22.4,0.05,0,1,567
2356,400,9,9,108,38,24.6,0.05,0,1,567
2357,400,2,2,83,26,16.2,0.05,0,1,567
2358,400,4,4,91,31,18.5,0.05,0,1,568
2359,400,8,8,83,30,17.6,0.05,0,1,568
2360,400,6,6,100,38,18.1,0.05,0,1,568
2361,400,1,1,39,13,4.35,0.05,0,1,568
2362,400,4,4,58,30,3.55,0.05,0,1,568
2363,400,2,2,46,22,-0.4,0.05,0,1,568
2364,341,6,6,113,33,22.94,0.05,1,0,568
2365,400,2,2,36,14,2.25,0.05,0,1,568
2366,48,0,0,22,7,-4.73,0.05,1,0,568
2367,400,4,4,100,31,23.2,0.05,0,1,568
2368,400,5,5,94,29,21.1,0.05,0,1,568
2369,400,3,3,101,30,20.45,0.05,0,1,568
2370,400,5,5,113,39,23.1,0.05,0,1,568
2371,35,1,1,17,5,-2.35,0.05,1,0,568
2372,400,2,2,35,15,2.05,0.05,0,1,568
2373,400,2,2,65,24,9.45,0.05,0,1,568
2374,400,5,5,77,34,6.2,0.05,0,1,568
2375,400,6,6,71,35,8.1,0.05,0,1,568
2376,400,1,1,47,26,-1.0,0.05,0,1,568
2377,400,5,5,75,49,-2.05,0.05,0,1,568
2378,400,9,9,114,39,24.2,0.05,0,1,568
2379,400,3,3,45,15,4.0,0.05,0,1,568
2380,400,5,5,80,51,2.95,0.05,0,1,568
2381,400,7,7,97,31,20.7,0.05,0,1,568
2382,5,0,0,3,1,-5.2,0.05,1,0,568
2383,27,0,0,11,4,-4.62,0.05,1,0,568
2384,400,6,6,75,40,7.6,0.05,0,1,568
2385,171,1,1,35,11,0.79,0.05,1,0,568
2386,382,5,5,85,50,-2.87,0.05,1,0,568
2387,250,4,4,85,27,8.9,0.05,1,0,568
2388,116,1,1,44,16,-1.81,0.05,1,0,568
2389,27,0,0,11,4,-6.17,0.05,1,0,568
2390,400,2,2,43,15,3.95,0.05,0,1,568
2391,400,6,6,80,49,5.0,0.05,0,1,568
2392,400,1,1,25,11,-1.95,0.05,0,1,568
2393,400,5,5,85,30,15.85,0.05,0,1,568
2394,400,1,1,59,26,5.2,0.05,0,1,568
2395,400,9,9,108,36,28.75,0.05,0,1,568
2396,400,2,2,42,11,6.35,0.05,0,1,568
2397,400,3,3,74,23,12.85,0.05,0,1,568
2398,68,2,2,29,9,0.82,0.05,1,0,568
2399,400,2,2,37,14,1.7,0.05,0,1,568
2400,292,6,6,103,37,16.33,0.05,1,0,568
2401,36,0,0,13,5,-5.01,0.05,1,0,568
2402,400,3,3,65,20,10.45,0.05,0,1,568
2403,400,6,6,102,34,23.1,0.05,0,1,568
2404,170,3,3,76,21,13.5,0.05,1,0,568
2405,400,6,6,110,36,25.2,0.05,0,1,568
2406,400,2,2,63,21,9.25,0.05,0,1,568
2407,360,1,1,28,9,-5.0,0.05,1,0,568
2408,213,6,6,84,25,16.67,0.05,1,0,568
2409,20,0,0,11,3,-3.95,0.05,1,0,568
2410,77,1,1,30,10,2.18,0.05,1,0,568
2411,5,0,0,3,1,-4.2,0.05,1,0,568
2412,400,3,3,53,22,8.7,0.05,0,1,568
2413,400,9,9,116,38,31.05,0.05,0,1,568
2414,400,5,5,90,28,22.3,0.05,0,1,568
2415,14,0,0,8,2,-4.79,0.05,1,0,568
2416,122,2,2,55,15,7.63,0.05,1,0,568
2417,400,6,6,71,33,8.0,0.05,0,1,568
2418,400,1,1,61,22,5.55,0.05,0,1,568
2419,400,9,9,110,36,29.1,0.05,0,1,568
2420,400,2,2,56,22,4.95,0.05,0,1,568
2421,130,4,4,36,13,4.65,0.05,1,0,568
2422,400,3,3,69,34,6.0,0.05,0,1,568
2423,274,6,6,105,33,21.11,0.05,1,0,568
2424,43,1,1,13,6,-3.58,0.05,1,0,568
2425,400,4,4,52,20,10.9,0.05,0,1,568
2426,400,4,4,58,33,2.5,0.05,0,1,568
2427,84,2,2,32,11,2.21,0.05,1,0,568
2428,13,0,0,6,2,-4.93,0.05,1,0,568
2429,72,0,0,31,10,-1.17,0.05,1,0,568
2430,400,6,6,104,32,17.45,0.05,0,1,568
2431,61,1,1,24,8,-1.41,0.05,1,0,568
2432,400,5,5,95,35,19.85,0.05,0,1,568
2433,28,0,0,15,4,-3.48,0.05,1,0,568
2434,400,3,3,43,43,-13.7,0.05,0,1,568
2435,393,8,9,135,43,29.12,0.05,0,1,568
2436,400,6,6,84,27,20.65,0.05,0,1,568
2437,400,7,7,116,37,28.35,0.05,0,1,568
2438,61,3,3,32,8,4.44,0.05,1,0,568
2439,400,1,1,49,43,-8.85,0.05,0,1,568
2440,400,7,7,106,40,21.9,0.05,0,1,570
2441,400,2,2,29,9,2.25,0.05,0,1,570
2442,400,5,5,57,25,9.35,0.05,0,1,570
2443,280,2,2,79,28,8.9,0.05,1,0,570
2444,21,0,0,10,3,-3.76,0.05,1,0,570
2445,400,6,6,99,32,20.65,0.05,0,1,570
2446,400,1,1,54,25,-1.35,0.05,0,1,570
2447,400,1,1,41,18,5.75,0.05,0,1,570
2448,400,3,3,60,24,6.3,0.05,0,1,570
2449,391,8,9,131,41,35.44,0.05,0,1,570
2450,400,5,5,68,26,14.0,0.05,0,1,570
2451,400,7,7,107,37,23.5,0.05,0,1,570
2452,400,6,6,61,20,12.75,0.05,0,1,570
2453,193,6,6,84,25,14.87,0.05,1,0,570
2454,43,0,0,20,6,-2.13,0.05,1,0,570
2455,400,3,3,48,28,-6.5,0.05,0,1,570
2456,400,0,0,26,8,-1.0,0.05,0,1,570
2457,400,2,2,42,50,-6.7,0.05,0,1,570
2458,400,2,2,60,43,-0.3,0.05,0,1,570
2459,400,9,9,105,39,22.85,0.05,0,1,570
2460,365,9,9,120,40,22.35,0.05,1,0,573
2461,400,4,4,51,28,5.45,0.05,0,1,573
2462,20,1,1,8,3,-4.35,0.05,1,0,573
2463,49,0,0,19,7,-6.94,0.05,1,0,573
2464,378,9,9,122,43,25.02,0.05,1,0,574
2465,400,6,6,77,29,15.85,0.05,0,1,574
2466,400,4,4,100,33,17.8,0.05,0,1,574
2467,400,1,1,41,15,1.85,0.05,0,1,574
2468,400,8,8,109,32,31.1,0.05,0,1,574
2469,400,9,9,119,39,26.3,0.05,0,1,574
2470,400,9,9,100,35,28.65,0.05,0,1,574
2471,58,0,0,26,8,-3.18,0.05,1,0,574
2472,400,3,3,95,27,19.85,0.05,0,1,574
2473,400,2,2,33,35,2.45,0.05,0,1,574
2474,400,5,5,77,27,10.75,0.05,0,1,574
2475,93,2,2,41,12,0.17,0.05,1,0,574
2476,400,3,3,112,33,24.9,0.05,0,1,574
2477,400,5,5,85,35,13.95,0.05,0,1,574
2478,400,2,2,52,21,4.65,0.05,0,1,574
2479,400,8,8,119,40,27.45,0.05,0,1,574
2480,400,2,2,45,14,6.2,0.05,0,1,574
2481,73,1,1,37,10,0.52,0.05,1,0,574
2482,28,0,0,10,4,-5.03,0.05,1,0,574
2483,400,4,4,75,23,11.85,0.05,0,1,574
2484,400,5,5,103,32,20.9,0.05,0,1,574
2485,400,2,2,44,18,3.8,0.05,0,1,574
2486,400,6,6,84,30,18.4,0.05,0,1,574
2487,400,4,4,85,27,18.7,0.05,0,1,574
2488,400,8,8,107,35,26.35,0.05,0,1,575
2489,400,3,3,67,40,-3.55,0.05,0,1,575
2490,400,6,6,92,34,19.0,0.05,0,1,575
2491,400,2,2,57,15,8.05,0.05,0,1,575
2492,65,0,0,18,6,-4.1,0.05,1,0,575
2493,329,4,4,56,29,0.61,0.05,1,0,575
2494,400,4,4,103,37,19.65,0.05,0,1,575
2495,400,5,5,82,22,20.05,0.05,0,1,575
2496,400,4,4,59,26,8.3,0.05,0,1,575
2497,400,5,5,105,32,24.95,0.05,0,1,575
2498,400,5,5,107,40,22.45,0.05,0,1,575
2499,400,5,5,99,35,20.4,0.05,0,1,575
2500,400,5,5,98,31,20.95,0.05,0,1,575
2501,400,6,6,99,35,20.45,0.05,0,1,575
2502,400,1,1,21,12,-1.4,0.05,0,1,575
2503,121,1,1,46,16,3.69,0.05,1,0,576
2504,400,7,7,123,38,28.15,0.05,0,1,576
2505,400,6,6,111,37,19.9,0.05,0,1,576
2506,400,6,6,71,28,10.95,0.05,0,1,576
2507,161,0,0,8,2,-4.81,0.05,1,0,576
2508,400,4,4,71,36,2.15,0.05,0,1,576
2509,400,6,6,90,51,5.05,0.05,0,1,576
2510,400,6,6,96,34,20.15,0.05,0,1,576
2511,95,2,2,34,13,-1.15,0.05,1,0,576
2512,39,2,2,18,5,-0.54,0.05,1,0,576
2513,400,7,7,78,45,5.65,0.05,0,1,576
2514,400,4,4,76,38,4.15,0.05,0,1,576
2515,400,4,4,52,47,-6.45,0.05,0,1,576
2516,42,0,0,21,6,-3.87,0.05,1,0,576
2517,400,6,6,95,32,19.5,0.05,0,1,576
2518,400,3,4,108,33,23.6,0.05,0,1,576
2519,400,2,2,65,24,8.45,0.05,0,1,576
2520,400,2,2,52,29,0.4,0.05,0,1,576
2521,51,1,1,22,7,0.39,0.05,1,0,576
2522,400,1,1,79,30,9.8,0.05,0,1,576
2523,400,0,0,31,13,-0.1,0.05,0,1,576
2524,400,6,6,104,32,26.3,0.05,0,1,576
2525,357,9,9,133,40,33.53,0.05,0,1,576
2526,27,0,0,9,4,-5.32,0.05,1,0,576
2527,20,0,0,9,3,-6.2,0.05,1,0,576
2528,36,0,0,15,5,-2.96,0.05,1,0,576
2529,400,3,3,72,23,12.6,0.05,0,1,576
2530,400,6,6,104,34,24.6,0.05,0,1,576
2531,400,4,4,99,33,18.05,0.05,0,1,576
2532,136,2,2,54,18,3.99,0.05,1,0,576
2533,400,0,0,27,11,-3.75,0.05,0,1,576
2534,400,2,2,51,25,4.1,0.05,0,1,576
2535,400,4,4,72,20,15.55,0.05,0,1,576
2536,396,1,1,38,18,-9.81,0.05,1,0,576
2537,400,7,7,120,37,25.75,0.05,0,1,576
2538,72,2,2,36,9,3.03,0.05,1,0,577
2539,400,9,9,123,41,31.0,0.05,0,1,577
2540,400,7,7,70,30,13.8,0.05,0,1,577
2541,400,0,0,54,20,6.1,0.05,0,1,577
2542,400,3,3,51,41,-4.8,0.05,0,1,577
2543,400,2,2,56,17,7.35,0.05,0,1,577
2544,400,1,1,56,27,3.7,0.05,0,1,577
2545,400,2,2,46,20,5.35,0.05,0,1,577
2546,395,6,6,123,36,21.5,0.05,1,0,577
2547,400,8,8,104,51,12.6,0.05,0,1,577
2548,400,4,4,56,24,7.2,0.05,0,1,577
2549,400,5,5,112,41,21.55,0.05,0,1,577
2550,28,0,0,15,4,-3.93,0.05,1,0,577
2551,400,5,5,82,25,18.95,0.05,0,1,577
2552,57,0,0,23,8,-5.07,0.05,1,0,577
2553,400,8,8,119,38,29.6,0.05,0,1,577
2554,28,0,0,10,4,-5.03,0.05,1,0,577
2555,348,9,9,120,39,25.72,0.05,1,0,579
2556,162,4,4,79,21,13.63,0.05,1,0,579
2557,400,0,0,49,15,5.4,0.05,0,1,579
2558,400,6,6,46,36,5.75,0.05,0,1,579
2559,400,0,0,40,52,-10.05,0.05,0,1,579
2560,20,0,0,8,3,-4.45,0.05,1,0,579
2561,400,1,1,43,22,1.3,0.05,0,1,579
2562,400,7,7,107,35,21.8,0.05,0,1,579
2563,400,6,6,47,26,5.55,0.05,0,1,579
2564,400,8,8,103,37,22.5,0.05,0,1,579
2565,400,4,4,98,33,18.75,0.05,0,1,580
2566,400,4,4,51,21,7.85,0.05,0,1,580
2567,400,5,5,93,36,16.2,0.05,0,1,580
2568,400,3,3,39,13,3.95,0.05,0,1,580
2569,55,1,1,30,7,0.9,0.05,1,0,580
2570,400,6,6,100,30,24.2,0.05,0,1,580
2571,400,5,5,101,32,20.5,0.05,0,1,580
2572,400,1,1,40,16,0.15,0.05,0,1,580
2573,400,2,2,48,18,4.9,0.05,0,1,580
2574,121,1,1,46,16,1.14,0.05,1,0,580
2575,400,4,4,49,19,8.3,0.05,0,1,580
2576,400,4,4,77,38,5.15,0.05,0,1,580
2577,27,1,1,11,4,-5.02,0.05,1,0,580
2578,400,6,6,119,40,21.8,0.05,0,1,580
2579,400,5,5,54,18,9.45,0.05,0,1,580
2580,400,7,7,130,41,29.15,0.05,0,1,580
2581,275,6,6,105,33,18.8,0.05,1,0,580
2582,400,9,9,126,41,33.1,0.05,0,1,580
2583,400,9,9,117,41,24.3,0.05,0,1,580
2584,400,4,4,49,20,4.75,0.05,0,1,580
2585,13,0,0,7,2,-5.18,0.05,1,0,580
2586,27,0,0,9,4,-5.97,0.05,1,0,580
2587,400,1,1,48,13,4.75,0.05,0,1,580
2588,400,4,4,63,34,6.75,0.05,0,1,580
2589,400,6,6,95,41,13.9,0.05,0,1,580
2590,400,4,5,65,19,14.3,0.05,0,1,580
2591,400,8,8,115,37,22.8,0.05,0,1,580
2592,400,4,4,67,26,12.0,0.05,0,1,580
2593,400,4,4,77,30,10.65,0.05,0,1,580
2594,27,1,1,10,4,-4.87,0.05,1,0,581
2595,400,8,8,97,38,20.25,0.05,0,1,581
2596,86,2,2,41,11,4.09,0.05,1,0,581
2597,400,9,9,106,40,27.8,0.05,0,1,581
2598,400,7,7,94,33,21.75,0.05,0,1,581
2599,400,2,2,47,15,6.25,0.05,0,1,581
2600,383,9,9,122,43,31.37,0.05,0,1,581
2601,400,8,8,133,43,32.1,0.05,0,1,581
2602,400,3,3,81,26,16.2,0.05,0,1,581
2603,400,4,4,56,17,11.75,0.05,0,1,581
2604,400,8,8,120,38,28.6,0.05,0,1,581
2605,400,8,8,105,36,26.2,0.05,0,1,581
2606,400,7,7,117,42,19.15,0.05,0,1,581
2607,400,4,4,78,21,18.3,0.05,0,1,581
2608,400,7,7,111,36,27.25,0.05,0,1,583
2609,400,7,7,106,39,24.25,0.05,0,1,583
2610,400,5,5,75,29,13.65,0.05,0,1,583
2611,197,3,3,88,25,14.48,0.05,1,0,583
2612,400,3,3,47,25,5.0,0.05,0,1,583
2613,400,8,8,126,42,32.9,0.05,0,1,583
2614,70,2,2,32,10,-0.8,0.05,1,0,583
2615,400,8,8,113,38,26.05,0.05,0,1,583
2616,400,4,4,49,22,6.85,0.05,0,1,583
2617,43,2,2,21,6,-1.23,0.05,1,0,583
2618,400,8,8,119,36,34.15,0.05,0,1,583
2619,400,5,5,65,31,9.1,0.05,0,1,583
2620,400,7,7,78,36,10.25,0.05,0,1,583
2621,175,4,4,67,22,9.0,0.05,1,0,583
2622,400,5,5,45,20,3.55,0.05,0,1,583
2623,400,7,7,106,47,16.25,0.05,0,1,583
2624,400,5,5,77,46,1.5,0.05,0,1,583
2625,400,6,6,50,17,13.6,0.05,0,1,583
2626,400,5,5,76,53,-1.65,0.05,0,1,583
2627,400,6,6,116,40,26.7,0.05,0,1,583
2628,400,5,5,45,17,6.85,0.05,0,1,583
2629,400,8,8,120,43,29.25,0.05,0,1,583
2630,400,9,9,121,45,29.55,0.05,0,1,583
2631,400,2,2,35,23,0.15,0.05,0,1,583
2632,260,4,4,99,32,15.5,0.05,1,0,583
2633,400,4,4,108,37,21.4,0.05,0,1,584
2634,269,1,1,51,18,1.76,0.05,1,0,584
2635,400,3,3,47,19,6.1,0.05,0,1,584
2636,20,0,0,6,3,-5.05,0.05,1,0,584
2637,400,5,5,66,23,13.05,0.05,0,1,584
2638,400,7,7,102,39,23.15,0.05,0,1,584
2639,400,1,1,25,12,-3.75,0.05,0,1,584
2640,400,6,6,55,30,4.85,0.05,0,1,584
2641,400,2,2,39,15,2.0,0.05,0,1,584
2642,400,5,5,100,33,19.45,0.05,0,1,584
2643,400,4,4,73,24,11.7,0.05,0,1,584
2644,400,5,5,71,39,2.45,0.05,0,1,584
2645,65,0,0,27,9,-0.4,0.05,1,0,584
2646,20,0,0,9,3,-3.6,0.05,1,0,584
2647,400,1,1,68,41,-2.45,0.05,0,1,584
2648,400,8,8,92,50,10.2,0.05,0,1,584
2649,400,6,6,107,50,14.0,0.05,0,1,584
2650,400,6,6,84,51,5.6,0.05,0,1,584
2651,400,2,2,35,10,1.55,0.05,0,1,584
2652,400,2,2,67,35,0.4,0.05,0,1,584
2653,46,1,1,20,6,-2.36,0.05,1,0,584
2654,80,2,2,32,11,-1.15,0.05,1,0,584
2655,400,6,6,82,51,1.5,0.05,0,1,584
2656,400,4,4,83,48,3.75,0.05,0,1,584
2657,400,3,3,41,15,3.2,0.05,0,1,584
2658,400,5,5,106,32,26.35,0.05,0,1,584
2659,400,5,5,66,24,14.2,0.05,0,1,584
2660,400,1,1,50,17,6.6,0.05,0,1,584
2661,400,3,3,57,19,6.15,0.05,0,1,584
2662,400,2,2,29,15,1.7,0.05,0,1,584
2663,400,9,9,103,40,27.0,0.05,0,1,585
2664,400,9,9,122,38,30.65,0.05,0,1,585
2665,107,1,1,42,15,-3.87,0.05,1,0,585
2666,400,1,1,49,15,7.45,0.05,0,1,585
2667,400,4,4,50,16,9.2,0.05,0,1,585
2668,400,4,4,50,24,7.9,0.05,0,1,585
2669,400,6,6,99,31,17.55,0.05,0,1,585
2670,368,8,9,115,40,28.67,0.05,0,1,585
2671,400,3,3,58,22,8.85,0.05,0,1,585
2672,400,3,3,41,24,0.0,0.05,0,1,585
2673,400,2,2,43,19,1.55,0.05,0,1,585
2674,400,2,2,28,10,0.8,0.05,0,1,585
2675,400,6,6,67,36,0.95,0.05,0,1,585
2676,400,5,5,67,24,9.95,0.05,0,1,585
2677,20,0,0,10,3,-4.6,0.05,1,0,585
2678,27,1,1,10,4,-4.82,0.05,1,0,585
2679,55,3,3,21,7,1.65,0.05,1,0,585
2680,400,4,4,52,36,7.35,0.05,0,1,585
2681,400,0,0,48,49,-6.55,0.05,0,1,585
2682,400,7,7,90,32,21.9,0.05,0,1,585
2683,400,3,3,60,22,8.3,0.05,0,1,585
2684,400,4,4,76,27,13.65,0.05,0,1,585
2685,400,3,3,65,30,7.75,0.05,0,1,585
2686,400,1,1,64,18,6.15,0.05,0,1,585
2687,400,3,3,55,18,9.2,0.05,0,1,585
2688,400,6,6,103,31,24.3,0.05,0,1,585
2689,29,0,0,15,4,-2.04,0.05,1,0,585
2690,400,7,7,110,47,16.5,0.05,0,1,585
2691,400,2,2,48,20,1.3,0.05,0,1,585
2692,27,1,1,11,4,-4.57,0.05,1,0,585
2693,400,4,4,40,15,6.5,0.05,0,1,585
2694,400,2,2,37,20,-1.2,0.05,0,1,585
2695,400,2,2,42,23,-2.5,0.05,0,1,585
2696,400,2,2,53,16,7.35,0.05,0,1,585
2697,400,4,4,96,35,19.25,0.05,0,1,585
2698,400,2,2,46,23,1.75,0.05,0,1,585
2699,400,9,9,109,38,23.15,0.05,0,1,585
2700,400,3,3,53,17,8.15,0.05,0,1,585
2701,400,1,1,46,27,-1.3,0.05,0,1,585
2702,400,2,2,55,20,6.1,0.05,0,1,585
2703,400,3,3,74,22,15.65,0.05,0,1,585
2704,400,5,5,93,33,20.55,0.05,0,1,585
2705,400,4,4,74,32,5.25,0.05,0,1,585
2706,400,4,4,52,26,3.5,0.05,0,1,585
2707,400,5,5,90,34,15.15,0.05,0,1,585
2708,400,5,5,66,21,16.8,0.05,0,1,585
2709,400,5,5,104,29,25.95,0.05,0,1,585
2710,215,5,5,92,27,14.25,0.05,1,0,585
2711,400,5,5,62,30,12.15,0.05,0,1,585
2712,400,6,6,81,51,5.15,0.05,0,1,585
2713,233,1,1,54,29,-5.48,0.05,1,0,585
2714,400,7,7,100,31,17.6,0.05,0,1,585
2715,400,6,6,106,33,27.9,0.05,0,1,585
2716,400,3,3,53,27,6.25,0.05,0,1,585
2717,390,8,9,128,45,34.2,0.05,0,1,586
2718,400,3,3,68,20,12.9,0.05,0,1,586
2719,400,6,6,70,29,11.0,0.05,0,1,586
2720,400,7,7,114,37,28.2,0.05,0,1,586
2721,400,5,5,60,19,13.1,0.05,0,1,586
2722,400,3,3,63,36,1.0,0.05,0,1,586
2723,400,4,4,80,36,10.85,0.05,0,1,586
2724,400,5,5,117,36,23.3,0.05,0,1,586
2725,208,5,5,65,25,6.37,0.05,1,0,586
2726,400,6,6,83,47,6.8,0.05,0,1,586
2727,206,6,6,89,26,16.29,0.05,1,0,586
2728,70,0,0,22,9,-4.7,0.05,1,0,586
2729,400,6,6,120,49,25.8,0.05,0,1,586
2730,400,9,9,112,37,25.05,0.05,0,1,586
2731,400,8,8,109,37,26.8,0.05,0,1,586
2732,400,2,2,47,22,1.15,0.05,0,1,586
2733,43,0,0,19,6,-4.38,0.05,1,0,586
2734,400,6,6,115,37,22.85,0.05,0,1,586
2735,400,3,3,49,19,6.15,0.05,0,1,586
2736,400,4,4,55,23,6.95,0.05,0,1,586
2737,400,4,4,39,19,5.1,0.05,0,1,586
2738,400,9,9,122,44,28.45,0.05,0,1,586
2739,400,6,6,100,32,23.0,0.05,0,1,586
2740,400,9,9,119,36,30.3,0.05,0,1,586
2741,220,0,0,29,13,-4.7,0.05,1,0,587
2742,400,4,4,61,27,3.95,0.05,0,1,587
2743,400,4,4,84,48,0.95,0.05,0,1,587
2744,400,3,3,67,33,5.65,0.05,0,1,587
2745,20,0,0,6,3,-6.05,0.05,1,0,587
2746,400,9,9,124,47,26.35,0.05,0,1,587
2747,400,5,5,69,27,8.75,0.05,0,1,587
2748,400,8,8,121,40,25.9,0.05,0,1,587
2749,400,7,7,115,40,26.65,0.05,0,1,587
2750,400,4,4,53,32,3.4,0.05,0,1,587
2751,400,3,3,84,51,-1.5,0.05,0,1,587
2752,400,6,6,69,33,4.7,0.05,0,1,587
2753,400,0,0,10,3,-2.35,0.05,0,1,587
2754,400,6,6,106,36,27.45,0.05,0,1,587
2755,400,7,7,111,37,30.05,0.05,0,1,587
2756,400,3,3,52,26,3.4,0.05,0,1,587
2757,8,0,0,4,1,-3.83,0.05,1,0,587
2758,400,4,4,83,48,0.7,0.05,0,1,587
2759,400,8,8,123,42,28.75,0.05,0,1,587
2760,400,8,9,126,47,28.2,0.05,0,1,587
2761,400,1,1,65,36,0.8,0.05,0,1,587
2762,400,6,6,80,28,15.55,0.05,0,1,587
2763,400,6,6,104,30,23.3,0.05,0,1,587
2764,400,7,7,112,37,27.05,0.05,0,1,587
2765,338,8,8,80,44,3.17,0.05,1,0,587
2766,400,8,8,124,46,23.75,0.05,0,1,587
2767,400,7,7,98,31,20.7,0.05,0,1,587
2768,400,6,6,77,53,-2.1,0.05,0,1,587
2769,400,6,6,88,51,2.45,0.05,0,1,587
2770,400,6,6,104,38,21.85,0.05,0,1,587
2771,400,2,2,52,20,8.2,0.05,0,1,587
2772,13,0,0,6,2,-5.23,0.05,1,0,587
2773,400,8,8,109,38,26.15,0.05,0,1,587
2774,120,3,3,59,16,7.15,0.05,1,0,587
2775,400,2,2,56,18,6.4,0.05,0,1,587
2776,400,4,4,52,22,7.3,0.05,0,1,587
2777,400,0,0,36,49,-16.25,0.05,0,1,587
2778,400,2,2,64,36,3.05,0.05,0,1,587
2779,400,8,8,108,45,20.75,0.05,0,1,587
2780,400,5,5,74,41,1.95,0.05,0,1,587
2781,400,5,5,73,42,4.3,0.05,0,1,587
2782,400,9,9,130,46,30.7,0.05,0,1,587
2783,400,6,6,114,36,29.95,0.05,0,1,587
2784,400,3,3,97,34,15.3,0.05,0,1,587
2785,400,7,7,123,40,30.4,0.05,0,1,587
2786,400,6,6,81,38,8.4,0.05,0,1,587
2787,400,4,4,46,15,8.8,0.05,0,1,587
2788,400,3,3,97,33,19.55,0.05,0,1,587
2789,400,4,4,45,15,8.6,0.05,0,1,587
2790,400,5,5,81,29,14.25,0.05,0,1,587
2791,400,4,4,52,26,4.9,0.05,0,1,587
2792,400,3,3,33,19,-0.3,0.05,0,1,587
2793,400,1,1,45,23,-1.2,0.05,0,1,587
2794,400,6,6,69,41,3.9,0.05,0,1,587
2795,400,9,9,122,45,31.3,0.05,0,1,587
2796,400,5,5,91,33,16.6,0.05,0,1,587
2797,400,5,5,39,48,0.7,0.05,0,1,587
2798,115,3,3,45,15,0.85,0.05,1,0,587
2799,400,4,4,97,31,18.35,0.05,0,1,587
2800,400,3,3,58,22,6.95,0.05,0,1,587
2801,400,9,9,114,37,29.4,0.05,0,1,587
2802,400,0,0,55,20,3.05,0.05,0,1,587
2803,400,5,5,104,33,25.4,0.05,0,1,587
2804,400,4,4,68,28,12.65,0.05,0,1,587
2805,400,4,4,38,18,4.75,0.05,0,1,587
2806,400,1,1,40,12,1.75,0.05,0,1,588
2807,400,3,3,65,21,12.3,0.05,0,1,588
2808,400,3,3,48,18,6.2,0.05,0,1,588
2809,51,1,1,25,7,-0.61,0.05,1,0,588
2810,400,0,0,36,16,0.6,0.05,0,1,588
2811,400,5,6,108,32,22.15,0.05,0,1,588
2812,400,1,1,19,7,-3.95,0.05,0,1,588
2813,400,2,2,49,44,0.4,0.05,0,1,588
2814,400,3,3,40,20,3.4,0.05,0,1,588
2815,400,5,5,53,21,7.3,0.05,0,1,588
2816,400,4,4,76,22,12.2,0.05,0,1,588
2817,400,4,4,46,16,4.65,0.05,0,1,588
2818,400,6,6,112,32,26.5,0.05,0,1,588
2819,400,8,8,110,35,25.45,0.05,0,1,588
2820,400,2,2,68,42,-1.95,0.05,0,1,588
2821,364,9,9,117,43,26.76,0.05,1,0,589
2822,400,2,2,35,18,-1.95,0.05,0,1,589
2823,400,9,9,124,36,31.6,0.05,0,1,589
2824,400,6,6,49,18,12.75,0.05,0,1,589
2825,400,3,3,101,27,21.5,0.05,0,1,589
2826,400,3,3,58,21,10.35,0.05,0,1,589
2827,400,4,4,51,19,10.15,0.05,0,1,589
2828,400,1,1,42,17,2.35,0.05,0,1,589
2829,400,5,5,37,14,7.6,0.05,0,1,589
2830,400,2,2,55,16,8.75,0.05,0,1,589
2831,206,0,0,47,17,-0.61,0.05,1,0,589
2832,400,1,1,50,16,6.95,0.05,0,1,589
2833,400,2,2,60,27,7.15,0.05,0,1,589
2834,400,3,3,56,17,12.1,0.05,0,1,589
2835,400,5,5,53,20,11.55,0.05,0,1,589
2836,400,5,5,106,32,23.55,0.05,0,1,589
2837,400,7,7,120,37,30.1,0.05,0,1,589
2838,400,0,0,47,17,2.0,0.05,0,1,589
2839,367,9,9,130,42,35.53,0.05,0,1,589
2840,80,1,1,31,10,1.85,0.05,1,0,589
2841,400,3,3,56,23,8.25,0.05,0,1,589
2842,400,1,1,47,14,4.8,0.05,0,1,589
2843,400,4,4,43,18,8.35,0.05,0,1,589
2844,400,7,7,68,26,14.25,0.05,0,1,589
2845,400,2,2,46,16,5.3,0.05,0,1,589
2846,20,0,0,9,3,-4.9,0.05,1,0,589
2847,400,4,4,59,24,8.9,0.05,0,1,589
2848,353,8,9,123,40,33.37,0.05,0,1,589
2849,400,6,6,59,27,5.35,0.05,0,1,589
2850,400,4,4,96,27,18.3,0.05,0,1,589
2851,400,3,3,69,18,14.45,0.05,0,1,589
2852,400,8,8,115,36,27.65,0.05,0,1,589
2853,400,7,7,79,27,20.9,0.05,0,1,589
2854,400,1,1,49,18,6.0,0.05,0,1,589
2855,400,5,5,82,28,15.1,0.05,0,1,589
2856,400,3,3,35,15,4.75,0.05,0,1,589
2857,400,6,6,95,28,20.6,0.05,0,1,589
2858,400,7,7,99,30,21.1,0.05,0,1,589
2859,400,7,7,89,30,22.1,0.05,0,1,589
2860,400,2,2,49,19,1.75,0.05,0,1,589
2861,400,8,8,109,43,24.55,0.05,0,1,589
2862,400,5,5,83,52,0.15,0.05,0,1,589
2863,400,4,4,67,42,0.1,0.05,0,1,589
2864,400,5,5,75,51,0.6,0.05,0,1,589
2865,400,6,6,55,32,1.4,0.05,0,1,589
2866,393,9,9,132,45,27.47,0.05,0,1,589
2867,400,0,0,12,6,-4.35,0.05,0,1,589
2868,400,4,4,80,47,0.8,0.05,0,1,589
2869,400,2,2,61,28,3.5,0.05,0,1,589
2870,400,4,4,60,35,0.5,0.05,0,1,589
2871,400,5,5,81,30,13.2,0.05,0,1,589
2872,85,0,0,37,11,2.15,0.05,1,0,589
2873,400,5,5,56,19,14.3,0.05,0,1,589
2874,377,8,9,123,44,33.03,0.05,0,1,589
2875,400,2,2,50,19,0.4,0.05,0,1,589
2876,400,7,7,91,31,21.6,0.05,0,1,589
2877,27,0,0,11,4,-5.62,0.05,1,0,589
2878,400,8,8,96,32,22.6,0.05,0,1,589
2879,49,2,2,24,7,1.16,0.05,1,0,589
2880,400,6,6,92,34,15.45,0.05,0,1,589
2881,400,8,8,111,37,31.3,0.05,0,1,589
2882,400,4,4,92,30,17.1,0.05,0,1,589
2883,27,0,0,10,4,-4.97,0.05,1,0,589
2884,370,9,9,128,40,33.2,0.05,0,1,589
2885,400,2,3,96,31,18.95,0.05,0,1,589
2886,400,6,6,101,39,23.0,0.05,0,1,589
2887,400,5,5,94,31,21.45,0.05,0,1,589
2888,400,3,3,41,13,6.95,0.05,0,1,589
2889,400,2,2,63,23,6.4,0.05,0,1,589
2890,400,6,6,64,25,13.8,0.05,0,1,589
2891,400,5,5,94,31,20.0,0.05,0,1,589
2892,28,1,1,13,4,-2.38,0.05,1,0,589
2893,400,1,1,34,15,3.5,0.05,0,1,589
2894,400,2,2,40,11,6.6,0.05,0,1,589
2895,400,4,4,58,25,7.35,0.05,0,1,589
2896,400,6,6,117,36,24.85,0.05,0,1,589
2897,378,9,9,115,43,24.47,0.05,1,0,589
2898,400,0,0,43,19,3.45,0.05,0,1,589
2899,400,1,1,36,11,3.05,0.05,0,1,589
2900,400,3,3,62,36,4.35,0.05,0,1,589
2901,400,8,8,105,36,21.55,0.05,0,1,589
2902,400,7,7,86,32,16.9,0.05,0,1,589
2903,400,6,6,105,37,23.9,0.05,0,1,589
2904,400,2,2,66,32,1.35,0.05,0,1,589
2905,400,2,2,39,10,5.3,0.05,0,1,589
2906,400,8,8,108,38,27.45,0.05,0,1,589
2907,400,7,7,111,36,21.6,0.05,0,1,589
2908,27,0,0,9,4,-6.67,0.05,1,0,589
2909,400,8,8,107,33,28.95,0.05,0,1,589
2910,400,3,3,56,21,8.5,0.05,0,1,589
2911,400,7,7,112,33,24.4,0.05,0,1,589
2912,371,8,9,124,43,30.04,0.05,0,1,589
2913,400,7,7,117,35,28.05,0.05,0,1,589
2914,400,8,8,110,39,27.75,0.05,0,1,589
2915,400,4,4,88,27,17.75,0.05,0,1,589
2916,387,8,8,121,45,20.58,0.05,1,0,589
2917,352,9,9,115,40,21.63,0.05,1,0,590
2918,365,8,9,125,42,28.75,0.05,0,1,590
2919,122,3,3,55,16,7.28,0.05,1,0,590
2920,400,1,1,59,17,10.7,0.05,0,1,590
2921,77,2,2,34,10,0.68,0.05,1,0,590
2922,400,8,8,134,44,33.55,0.05,0,1,590
2923,378,8,9,120,43,29.97,0.05,0,1,591
2924,400,6,6,112,39,28.55,0.05,0,1,591
2925,400,9,9,120,46,30.85,0.05,0,1,591
2926,400,5,5,78,31,13.7,0.05,0,1,591
2927,400,4,4,100,29,23.65,0.05,0,1,591
2928,400,9,9,120,42,28.65,0.05,0,1,591
2929,400,7,7,119,40,28.35,0.05,0,1,591
2930,315,9,9,121,37,32.85,0.05,0,1,591
2931,360,9,9,125,42,34.6,0.05,0,1,593
2932,400,9,9,114,39,30.4,0.05,0,1,593
2933,361,8,8,120,44,22.79,0.05,1,0,594
2934,27,0,0,10,4,-6.27,0.05,1,0,594
2935,369,8,9,135,40,36.81,0.05,0,1,594
2936,400,3,3,88,26,17.1,0.05,0,1,594
2937,400,6,6,82,26,16.75,0.05,0,1,594
2938,355,9,9,124,44,21.4,0.05,1,0,595
2939,371,9,9,129,43,31.69,0.05,0,1,595
2940,67,1,1,31,9,0.48,0.05,1,0,595
2941,390,8,9,124,46,27.0,0.05,0,1,595
2942,310,9,9,122,37,30.25,0.05,1,0,595
2943,371,8,9,121,43,32.49,0.05,0,1,595
2944,400,9,9,115,46,24.05,0.05,0,1,595
2945,360,8,9,124,42,30.95,0.05,0,1,595
2946,311,8,9,115,37,31.09,0.05,0,1,595
2947,400,9,9,128,45,32.0,0.05,0,1,595
2948,400,7,7,121,43,27.85,0.05,0,1,595
2949,342,8,9,118,39,32.08,0.05,0,1,595
2950,27,0,0,11,4,-5.22,0.05,1,0,595
2951,400,9,9,110,37,25.15,0.05,0,1,595
2952,395,9,9,130,46,32.95,0.05,0,1,595
2953,326,8,8,119,41,18.44,0.05,1,0,595
2954,346,8,9,124,41,31.39,0.05,0,1,595
2955,400,7,7,108,40,23.6,0.05,0,1,595
2956,400,3,3,29,12,-0.25,0.05,0,1,595
2957,349,8,9,132,41,36.11,0.05,0,1,595
2958,243,1,1,35,12,-6.28,0.05,1,0,595
2959,317,7,7,125,40,23.93,0.05,1,0,595
2960,400,6,6,105,37,25.55,0.05,0,1,595
2961,346,9,9,121,39,26.84,0.05,1,0,595
2962,400,8,8,115,37,23.8,0.05,0,1,595
2963,376,9,9,121,40,33.69,0.05,0,1,595
2964,400,9,9,115,39,28.1,0.05,0,1,595
2965,334,9,9,122,38,33.61,0.05,0,1,596
2966,351,8,9,116,39,30.44,0.05,0,1,596
2967,400,4,4,98,30,20.0,0.05,0,1,596
2968,400,6,6,123,42,27.95,0.05,0,1,596
2969,366,8,9,117,41,31.09,0.05,0,1,596
2970,50,0,0,22,7,-2.2,0.05,1,0,596
2971,383,8,9,133,45,33.22,0.05,0,1,596
2972,346,8,9,126,40,32.04,0.05,0,1,596
2973,400,8,8,129,39,30.4,0.05,0,1,596
2974,400,4,4,80,26,18.65,0.05,0,1,596
2975,382,8,9,121,41,30.08,0.05,0,1,596
2976,400,8,8,117,45,26.15,0.05,0,1,596
2977,400,9,9,115,37,31.25,0.05,0,1,596
2978,400,6,6,101,33,25.45,0.05,0,1,596
2979,400,5,5,113,31,23.75,0.05,0,1,596
2980,362,8,9,132,40,31.33,0.05,0,1,596
2981,347,9,9,127,39,34.33,0.05,0,1,596
2982,27,0,0,11,4,-5.62,0.05,1,0,596
2983,400,7,7,123,43,28.25,0.05,0,1,596
2984,365,8,9,120,42,27.45,0.05,0,1,596
2985,400,7,7,101,29,24.3,0.05,0,1,596
2986,400,9,9,122,48,23.9,0.05,0,1,596
2987,400,6,6,107,34,24.85,0.05,0,1,596
2988,13,0,0,6,2,-4.88,0.05,1,0,596
2989,400,4,4,81,26,17.05,0.05,0,1,596
2990,400,6,6,93,31,21.15,0.05,0,1,596
2991,382,8,8,120,38,18.58,0.05,1,0,596
2992,400,6,6,86,27,20.75,0.05,0,1,596
2993,400,5,5,72,21,14.0,0.05,0,1,596
2994,400,8,8,124,42,30.6,0.05,0,1,596
2995,374,8,9,130,43,33.46,0.05,0,1,596
2996,13,0,0,7,2,-4.68,0.05,1,0,596
2997,400,7,7,118,39,29.35,0.05,0,1,596
2998,104,1,1,51,13,5.81,0.05,1,0,596
2999,400,3,3,105,29,21.25,0.05,0,1,596
3000,400,7,7,119,37,29.3,0.05,0,1,596
3001,358,8,9,117,39,30.87,0.05,0,1,596
3002,20,0,0,10,3,-4.35,0.05,1,0,596
3003,366,9,9,122,40,32.59,0.05,0,1,596
3004,400,7,7,132,42,31.8,0.05,0,1,596
3005,332,8,9,125,38,32.43,0.05,0,1,596
3006,13,0,0,8,2,-4.28,0.05,1,0,596
3007,341,9,9,114,38,29.34,0.05,0,1,596
3008,324,8,8,117,38,23.01,0.05,1,0,596
3009,400,8,8,122,45,28.05,0.05,0,1,596
3010,389,9,9,119,46,22.46,0.05,1,0,597
3011,351,9,9,116,39,31.29,0.05,0,1,597
3012,366,9,9,127,42,36.69,0.05,0,1,597
3013,360,8,9,115,42,29.45,0.05,0,1,597
3014,283,7,7,101,31,22.32,0.05,1,0,597
3015,400,5,5,110,40,24.0,0.05,0,1,597
3016,400,7,7,102,36,22.75,0.05,0,1,597
3017,333,9,9,113,39,29.62,0.05,0,1,597
3018,346,9,9,128,40,34.94,0.05,0,1,597
3019,378,8,9,118,44,21.57,0.05,0,1,597
3020,400,8,8,128,45,30.95,0.05,0,1,597
3021,400,8,8,121,44,28.0,0.05,0,1,597
3022,400,4,4,113,36,24.8,0.05,0,1,597
3023,13,0,0,6,2,-4.68,0.05,1,0,597
3024,400,8,8,120,41,30.0,0.05,0,1,597
3025,355,8,9,129,40,34.7,0.05,0,1,597
3026,375,9,9,124,44,31.85,0.05,0,1,597
3027,42,1,1,20,6,-1.02,0.05,1,0,597
3028,400,4,4,94,31,16.95,0.05,0,1,597
3029,372,9,9,119,42,28.68,0.05,0,1,597
3030,400,8,8,123,40,33.65,0.05,0,1,597
3031,400,4,4,80,23,16.5,0.05,0,1,597
3032,400,6,6,108,35,22.65,0.05,0,1,597
3033,377,9,9,125,43,33.83,0.05,0,1,598
3034,359,8,9,121,42,29.16,0.05,0,1,598
3035,322,8,9,115,38,27.73,0.05,0,1,598
3036,343,9,9,112,41,19.57,0.05,1,0,598
3037,305,7,7,117,36,28.8,0.05,1,0,598
3038,334,8,9,118,40,26.46,0.05,0,1,598
3039,400,7,7,124,40,28.35,0.05,0,1,598
3040,400,3,3,64,18,13.6,0.05,0,1,598
3041,337,9,9,120,40,27.43,0.05,0,1,598
3042,400,5,5,109,41,23.4,0.05,0,1,598
3043,13,0,0,7,2,-5.13,0.05,1,0,598
3044,351,9,9,128,41,35.14,0.05,0,1,598
3045,400,4,4,100,31,17.95,0.05,0,1,598
3046,108,5,5,43,14,6.12,0.05,1,0,598
3047,400,4,4,117,42,21.95,0.05,0,1,598
3048,400,8,8,118,39,29.1,0.05,0,1,598
3049,400,8,8,124,45,31.8,0.05,0,1,598
3050,400,7,7,117,41,24.8,0.05,0,1,598
3051,400,8,8,125,47,31.5,0.05,0,1,598
3052,355,9,9,124,42,31.35,0.05,0,1,598
3053,363,8,9,121,42,27.27,0.05,0,1,598
3054,400,3,3,83,25,14.75,0.05,0,1,598
3055,365,9,9,121,42,26.35,0.05,0,1,598
3056,380,9,9,124,46,18.1,0.05,1,0,600
3057,376,9,9,127,42,37.19,0.05,0,1,600
3058,382,5,5,113,39,16.63,0.05,1,0,600
3059,386,8,9,124,45,28.99,0.05,0,1,600
3060,400,8,8,114,38,26.8,0.05,0,1,600
3061,400,3,3,91,26,15.65,0.05,0,1,600
3062,400,5,5,97,31,19.75,0.05,0,1,600
3063,369,9,9,127,42,28.01,0.05,1,0,600
3064,382,9,9,133,44,33.08,0.05,0,1,600
3065,400,6,6,75,22,16.85,0.05,0,1,600
3066,374,9,9,117,43,31.21,0.05,0,1,600
3067,27,0,0,10,4,-4.97,0.05,1,0,600
3068,400,7,7,117,35,28.35,0.05,0,1,600
3069,400,8,8,99,36,21.75,0.05,0,1,600
3070,382,8,9,125,44,28.68,0.05,0,1,600
3071,395,9,9,125,45,33.65,0.05,0,1,600
3072,400,7,7,105,38,22.95,0.05,0,1,600
3073,393,8,9,127,45,31.32,0.05,0,1,600
3074,400,5,5,121,43,24.05,0.05,0,1,600
3075,370,9,9,125,43,29.5,0.05,0,1,600
3076,371,9,9,122,44,23.79,0.05,1,0,600
3077,367,8,9,135,43,31.43,0.05,0,1,600
3078,378,8,9,124,42,33.47,0.05,0,1,600
3079,400,5,5,114,35,24.25,0.05,0,1,600
3080,366,9,9,116,41,28.99,0.05,0,1,600
3081,400,8,8,105,34,24.55,0.05,0,1,600
3082,316,7,7,124,37,24.74,0.05,1,0,600
3083,353,9,9,121,43,23.52,0.05,0,1,600
3084,13,0,0,6,2,-4.78,0.05,1,0,600
3085,369,9,9,120,41,29.01,0.05,0,1,600
3086,400,8,8,111,33,27.2,0.05,0,1,600
3087,379,8,9,122,42,31.61,0.05,0,1,600
3088,358,9,9,127,41,32.72,0.05,0,1,600
3089,400,6,6,101,32,26.95,0.05,0,1,600
3090,400,4,4,94,30,18.2,0.05,0,1,600
3091,27,0,0,8,4,-5.97,0.05,1,0,600
3092,400,7,7,108,37,20.55,0.05,0,1,600
3093,344,9,9,128,41,33.46,0.05,0,1,600
3094,84,2,2,45,12,2.56,0.05,1,0,600
3095,400,6,6,105,35,26.3,0.05,0,1,600
3096,335,8,9,125,39,33.8,0.05,0,1,600
3097,400,0,0,15,7,-4.85,0.05,0,1,600
3098,400,3,3,77,27,12.4,0.05,0,1,600
3099,377,9,9,120,44,24.98,0.05,0,1,600
3100,386,9,9,135,45,33.14,0.05,0,1,600
3101,20,0,0,10,3,-4.8,0.05,1,0,600
3102,350,9,9,132,39,34.35,0.05,0,1,600
3103,366,8,9,121,41,31.39,0.05,0,1,600
3104,400,6,6,80,25,17.7,0.05,0,1,600
3105,400,1,1,46,14,2.85,0.05,0,1,600
3106,400,3,3,88,28,12.8,0.05,0,1,600
3107,400,3,3,61,19,9.65,0.05,0,1,600
3108,399,8,9,119,41,31.31,0.05,0,1,600
3109,400,2,2,70,24,12.7,0.05,0,1,600
3110,224,5,5,88,28,18.21,0.05,1,0,600
3111,369,9,9,119,42,29.26,0.05,0,1,601
3112,333,8,9,116,40,30.52,0.05,0,1,601
3113,400,9,9,130,46,30.9,0.05,0,1,601
3114,400,4,4,109,36,23.1,0.05,0,1,601
3115,400,8,8,103,34,23.9,0.05,0,1,601
3116,400,7,7,129,46,24.25,0.05,0,1,601
3117,342,9,9,125,39,33.83,0.05,0,1,601
3118,400,6,6,119,40,27.65,0.05,0,1,601
3119,357,9,9,118,38,31.93,0.05,0,1,601
3120,340,8,9,119,38,32.3,0.05,0,1,601
3121,400,7,7,127,44,30.25,0.05,0,1,601
3122,398,8,9,126,47,24.77,0.05,0,1,601
3123,378,9,9,123,44,27.02,0.05,0,1,601
3124,400,4,4,94,31,19.0,0.05,0,1,601
3125,375,9,9,125,44,30.35,0.05,0,1,601
3126,340,8,9,121,42,27.9,0.05,0,1,601
3127,400,8,8,115,39,25.3,0.05,0,1,601
3128,27,1,1,13,4,-3.57,0.05,1,0,601
3129,400,7,7,95,32,18.4,0.05,0,1,601
3130,371,8,8,116,41,24.94,0.05,1,0,603
3131,376,9,9,120,42,31.49,0.05,0,1,603
3132,400,3,3,60,18,10.9,0.05,0,1,603
3133,345,8,9,128,41,30.75,0.05,0,1,603
3134,355,9,9,128,42,35.5,0.05,0,1,603
3135,392,8,9,116,45,26.63,0.05,0,1,603
3136,400,2,2,62,20,9.85,0.05,0,1,603
3137,342,9,9,123,40,32.08,0.05,0,1,603
3138,345,8,9,127,39,37.95,0.05,0,1,603
3139,400,6,6,104,32,22.15,0.05,0,1,603
3140,400,9,9,112,36,29.2,0.05,0,1,603
3141,390,9,9,123,45,22.15,0.05,1,0,603
3142,381,9,9,125,43,33.79,0.05,0,1,603
3143,383,9,9,124,44,26.32,0.05,1,0,603
3144,365,9,9,129,43,30.9,0.05,0,1,603
3145,143,2,2,69,18,10.07,0.05,1,0,603
3146,400,6,6,83,26,19.1,0.05,0,1,603
3147,400,8,8,129,43,33.6,0.05,0,1,603
3148,400,9,9,125,40,26.85,0.05,0,1,603
3149,400,8,8,124,40,27.3,0.05,0,1,603
3150,340,9,9,123,39,31.7,0.05,0,1,603
3151,400,9,9,129,45,33.95,0.05,0,1,603
3152,400,6,6,103,31,25.0,0.05,0,1,603
3153,384,9,9,132,43,30.96,0.05,0,1,603
3154,400,6,6,92,31,19.25,0.05,0,1,603
3155,400,6,6,117,38,26.15,0.05,0,1,603
3156,400,8,8,120,41,26.65,0.05,0,1,603
3157,397,8,9,125,44,29.03,0.05,0,1,603
3158,378,8,9,120,43,31.07,0.05,0,1,603
3159,400,9,9,126,44,32.1,0.05,0,1,603
3160,378,8,9,119,42,31.57,0.05,0,1,603
3161,400,8,8,110,38,28.75,0.05,0,1,603
3162,400,5,5,111,30,23.45,0.05,0,1,603
3163,328,9,9,115,37,30.62,0.05,0,1,603
3164,373,9,9,122,42,30.32,0.05,0,1,603
3165,400,5,5,102,34,19.05,0.05,0,1,603
3166,376,8,9,126,45,32.69,0.05,0,1,603
3167,384,8,9,116,38,33.71,0.05,0,1,603
3168,342,9,9,118,41,26.58,0.05,0,1,603
3169,368,9,9,116,40,24.12,0.05,1,0,603
3170,348,9,9,134,41,36.62,0.05,0,1,603
3171,400,5,5,111,35,26.4,0.05,0,1,603
3172,388,9,9,122,43,30.22,0.05,0,1,603
3173,305,8,9,115,36,32.35,0.05,0,1,603
3174,377,9,9,122,43,32.28,0.05,0,1,603
3175,379,9,9,133,43,31.66,0.05,0,1,603
3176,400,4,4,78,25,12.1,0.05,0,1,603
3177,362,9,9,117,41,29.88,0.05,0,1,603
3178,374,8,9,130,42,34.86,0.05,0,1,603
3179,400,8,8,124,39,29.7,0.05,0,1,603
3180,373,8,9,122,43,29.42,0.05,0,1,603
3181,400,3,3,53,18,10.45,0.05,0,1,603
3182,400,7,7,128,39,32.1,0.05,0,1,603
3183,400,6,6,114,38,25.75,0.05,0,1,603
3184,343,8,9,117,39,30.52,0.05,0,1,603
3185,400,9,9,107,35,30.3,0.05,0,1,603
3186,400,8,8,124,38,36.1,0.05,0,1,603
3187,389,9,9,130,45,30.86,0.05,0,1,603
3188,400,8,8,125,40,26.55,0.05,0,1,603
3189,322,8,9,117,38,29.48,0.05,0,1,603
3190,398,8,9,125,46,33.27,0.05,0,1,603
3191,400,6,6,94,27,21.6,0.05,0,1,603
3192,302,8,8,111,34,22.93,0.05,1,0,603
3193,400,6,6,119,41,25.1,0.05,0,1,603
3194,400,8,8,122,40,33.1,0.05,0,1,603
3195,376,8,9,125,44,30.34,0.05,0,1,603
3196,380,8,9,117,42,28.6,0.05,0,1,603
3197,400,6,6,98,33,17.6,0.05,0,1,603
3198,392,8,9,124,47,21.93,0.05,0,1,603
3199,374,8,9,120,42,33.31,0.05,0,1,603
3200,392,8,9,120,40,32.53,0.05,0,1,603
3201,400,9,9,129,46,30.5,0.05,0,1,603
3202,400,9,9,120,45,28.4,0.05,0,1,603
3203,370,8,9,130,43,32.95,0.05,0,1,603
3204,375,9,9,123,45,29.05,0.05,0,1,603
3205,400,6,6,115,35,25.9,0.05,0,1,603
3206,384,8,9,122,42,34.01,0.05,0,1,603
3207,304,5,5,109,38,18.61,0.05,1,0,603
3208,345,9,9,122,40,32.35,0.05,0,1,603
3209,355,9,9,118,39,32.65,0.05,0,1,603
3210,350,8,9,117,39,31.4,0.05,0,1,603
3211,277,5,5,122,34,21.23,0.05,1,0,603
3212,400,7,7,124,39,25.85,0.05,0,1,603
3213,400,9,9,124,46,33.55,0.05,0,1,603
3214,392,8,9,127,45,30.93,0.05,0,1,603
3215,336,6,6,106,32,19.84,0.05,1,0,603
3216,385,8,9,126,45,29.55,0.05,0,1,603
3217,387,9,9,115,45,29.93,0.05,0,1,603
3218,382,9,9,124,44,31.53,0.05,0,1,603
3219,400,9,9,112,36,31.85,0.05,0,1,603
3220,383,9,9,135,43,35.17,0.05,0,1,603
3221,388,8,9,128,45,29.02,0.05,0,1,603
3222,400,4,4,84,29,17.45,0.05,0,1,603
3223,370,9,9,132,43,32.8,0.05,0,1,603
3224,381,9,9,119,43,31.69,0.05,0,1,603
3225,20,0,0,8,3,-5.35,0.05,1,0,603
3226,400,6,7,101,36,20.5,0.05,0,1,603
3227,400,7,7,120,40,25.2,0.05,0,1,603
3228,400,0,0,32,11,-1.45,0.05,0,1,603
3229,365,8,9,123,42,32.4,0.05,0,1,603
3230,400,3,3,83,28,14.5,0.05,0,1,603
3231,362,9,9,124,39,33.38,0.05,0,1,603
3232,400,6,6,101,33,17.15,0.05,0,1,603
3233,400,3,3,64,20,9.55,0.05,0,1,603
3234,369,8,9,132,44,35.76,0.05,0,1,603
3235,13,0,0,7,2,-4.48,0.05,1,0,603
3236,356,9,9,135,41,37.09,0.05,0,1,603
3237,400,7,7,118,37,29.25,0.05,0,1,603
3238,381,8,9,126,42,34.34,0.05,0,1,603
3239,331,8,9,119,37,31.39,0.05,0,1,603
3240,360,8,9,121,41,32.65,0.05,0,1,603
3241,371,8,9,114,41,30.69,0.05,0,1,603
3242,400,8,8,140,45,33.65,0.05,0,1,603
3243,400,5,5,112,35,22.85,0.05,0,1,603
3244,400,8,8,109,38,27.2,0.05,0,1,603
3245,400,5,5,84,30,13.45,0.05,0,1,603
3246,400,8,8,126,44,31.4,0.05,0,1,603
3247,324,9,9,123,40,29.91,0.05,0,1,603
3248,337,9,9,121,38,33.28,0.05,0,1,603
3249,400,2,2,42,14,4.7,0.05,0,1,603
3250,400,9,9,122,39,33.2,0.05,0,1,603
3251,400,7,7,118,43,25.55,0.05,0,1,603
3252,400,7,7,121,47,28.1,0.05,0,1,603
3253,400,5,5,83,33,14.15,0.05,0,1,603
3254,400,5,5,93,28,20.55,0.05,0,1,603
3255,336,8,9,115,38,32.04,0.05,0,1,603
3256,400,4,4,63,20,14.15,0.05,0,1,603
3257,392,9,9,127,45,32.73,0.05,0,1,603
3258,394,8,9,126,44,30.91,0.05,0,1,603
3259,384,8,9,118,43,31.16,0.05,0,1,603
3260,341,8,9,117,38,32.49,0.05,0,1,603
3261,332,9,9,132,38,35.33,0.05,0,1,603
3262,395,9,9,129,45,31.75,0.05,0,1,603
3263,400,9,9,123,45,28.5,0.05,0,1,603
3264,400,6,6,121,39,29.4,0.05,0,1,603
3265,351,8,9,137,40,37.29,0.05,0,1,603
3266,357,9,9,120,40,33.28,0.05,0,1,603
3267,63,2,2,30,9,1.22,0.05,1,0,603
3268,324,8,8,128,41,25.11,0.05,1,0,603
3269,376,9,9,116,44,26.19,0.05,0,1,603
3270,360,8,9,123,43,30.8,0.05,0,1,603
3271,400,3,3,89,29,16.5,0.05,0,1,603
3272,400,7,7,102,29,22.55,0.05,0,1,603
3273,397,9,9,116,45,28.33,0.05,0,1,603
3274,400,4,4,101,27,20.7,0.05,0,1,603
3275,400,8,8,126,39,29.95,0.05,0,1,603
3276,398,8,9,113,40,27.67,0.05,0,1,603
3277,387,9,9,126,46,27.38,0.05,0,1,603
3278,400,8,8,121,40,29.35,0.05,0,1,603
3279,400,5,5,72,22,12.35,0.05,0,1,603
3280,359,9,9,122,40,30.96,0.05,0,1,603
3281,327,9,9,128,39,34.83,0.05,0,1,603
3282,377,9,9,125,44,31.13,0.05,0,1,603
3283,400,7,7,118,37,30.9,0.05,0,1,603
3284,372,8,9,125,42,32.53,0.05,0,1,603
3285,400,9,9,118,41,29.35,0.05,0,1,603
3286,20,0,0,8,3,-5.4,0.05,1,0,603
3287,367,9,9,120,42,28.38,0.05,0,1,603
3288,400,7,7,124,39,30.15,0.05,0,1,603
3289,400,5,5,120,37,23.45,0.05,0,1,603
3290,400,8,8,116,46,21.5,0.05,0,1,603
3291,390,9,9,135,44,32.95,0.05,0,1,603
3292,375,9,9,131,43,30.05,0.05,0,1,603
3293,400,5,5,83,28,17.25,0.05,0,1,603
3294,359,8,9,126,41,34.81,0.05,0,1,603
3295,400,0,0,76,25,11.8,0.05,0,1,603
3296,400,5,5,114,36,27.1,0.05,0,1,603
3297,400,6,6,109,35,26.0,0.05,0,1,603
3298,400,8,8,114,41,29.95,0.05,0,1,603
3299,384,8,9,120,45,30.06,0.05,0,1,603
3300,327,9,9,127,36,36.68,0.05,0,1,603
3301,400,2,2,72,24,8.35,0.05,0,1,603
3302,400,1,1,34,10,1.05,0.05,0,1,603
3303,400,7,7,99,31,19.75,0.05,0,1,603
3304,349,8,9,120,41,26.31,0.05,0,1,603
3305,351,9,9,116,41,31.59,0.05,0,1,603
3306,400,6,6,105,33,24.8,0.05,0,1,603
3307,390,8,9,119,44,30.9,0.05,0,1,603
3308,364,8,9,110,44,24.26,0.05,0,1,603
3309,361,9,9,126,43,28.49,0.05,0,1,603
3310,332,7,7,119,40,22.98,0.05,1,0,603
3311,400,7,7,116,40,27.65,0.05,0,1,603
3312,49,0,0,19,7,-4.14,0.05,1,0,603
3313,353,8,9,114,41,29.32,0.05,0,1,603
3314,384,8,9,120,43,28.16,0.05,0,1,603
3315,338,8,9,106,39,27.62,0.05,0,1,603
3316,345,8,9,128,40,32.45,0.05,0,1,603
3317,400,8,8,122,46,27.0,0.05,0,1,603
3318,382,9,9,126,46,25.78,0.05,0,1,603
3319,364,8,9,122,43,32.21,0.05,0,1,603
3320,357,8,9,124,42,31.38,0.05,0,1,603
3321,351,9,9,119,41,32.09,0.05,0,1,603
3322,338,8,9,126,39,29.57,0.05,0,1,603
3323,359,9,9,125,43,30.76,0.05,0,1,603
3324,341,9,9,121,37,36.24,0.05,0,1,603
3325,376,9,9,130,43,29.09,0.05,0,1,603
3326,400,9,9,125,46,31.55,0.05,0,1,603
3327,374,9,9,121,42,28.36,0.05,0,1,603
3328,20,0,0,9,3,-4.6,0.05,1,0,603
3329,376,8,9,120,45,29.54,0.05,0,1,603
3330,366,8,9,130,42,36.19,0.05,0,1,603
3331,400,0,0,44,13,4.2,0.05,0,1,603
3332,371,9,9,121,44,27.49,0.05,0,1,603
3333,400,7,7,128,40,29.05,0.05,0,1,603
3334,377,8,9,125,41,33.98,0.05,0,1,603
3335,396,8,8,118,47,23.59,0.05,1,0,603
3336,362,9,9,118,42,30.63,0.05,0,1,603
3337,376,8,9,124,44,31.39,0.05,0,1,603
3338,400,2,2,61,19,8.6,0.05,0,1,603
3339,356,8,9,122,43,30.79,0.05,0,1,603
3340,349,9,9,118,38,34.16,0.05,0,1,603
3341,400,8,8,120,37,33.2,0.05,0,1,603
3342,394,9,9,130,46,32.01,0.05,0,1,603
3343,325,9,9,117,38,32.05,0.05,0,1,603
3344,183,5,5,74,23,14.32,0.05,1,0,603
3345,400,7,7,101,35,25.65,0.05,0,1,603
3346,340,9,9,124,40,30.5,0.05,0,1,605
3347,367,9,9,118,44,30.38,0.05,0,1,605
3348,400,1,1,67,19,8.65,0.05,0,1,605
3349,193,3,3,74,25,8.52,0.05,1,0,605
3350,380,9,9,122,44,30.2,0.05,0,1,605
3351,366,9,9,131,45,29.19,0.05,0,1,605
3352,400,8,8,125,45,29.2,0.05,0,1,605
3353,326,8,9,118,37,30.09,0.05,0,1,605
3354,400,2,2,22,8,3.35,0.05,0,1,605
3355,400,8,8,119,45,28.75,0.05,0,1,605
3356,376,9,9,122,43,30.89,0.05,0,1,605
3357,400,7,7,90,32,22.55,0.05,0,1,605
3358,400,7,7,118,44,28.3,0.05,0,1,605
3359,209,5,5,80,28,11.36,0.05,1,0,605
3360,400,7,7,122,45,27.45,0.05,0,1,605
3361,385,9,9,135,45,34.65,0.05,0,1,605
3362,400,3,3,43,13,3.95,0.05,0,1,605
3363,347,8,9,121,42,32.88,0.05,0,1,605
3364,398,9,9,124,46,29.37,0.05,0,1,605
3365,370,9,9,124,42,32.55,0.05,0,1,605
3366,400,4,4,73,23,14.2,0.05,0,1,605
3367,400,4,4,76,26,14.6,0.05,0,1,605
3368,351,9,9,126,41,30.99,0.05,0,1,605
3369,356,8,9,114,42,27.34,0.05,0,1,605
3370,369,8,9,127,43,29.66,0.05,0,1,605
3371,378,9,9,129,44,32.32,0.05,0,1,605
3372,344,9,9,123,38,31.56,0.05,0,1,605
3373,366,9,9,121,44,28.04,0.05,0,1,605
3374,400,9,9,130,45,38.8,0.05,0,1,605
3375,394,9,9,122,43,29.91,0.05,0,1,605
3376,365,9,9,129,42,31.8,0.05,0,1,605
3377,381,9,9,128,45,34.69,0.05,0,1,605
3378,400,6,6,105,30,23.8,0.05,0,1,605
3379,343,8,9,127,39,34.22,0.05,0,1,605
3380,373,8,9,128,45,32.97,0.05,0,1,605
3381,400,6,6,117,39,26.05,0.05,0,1,605
3382,400,2,2,21,7,1.15,0.05,0,1,605
3383,326,9,9,119,38,33.04,0.05,0,1,605
3384,354,9,9,117,40,31.81,0.05,0,1,605
3385,375,8,9,122,44,27.85,0.05,0,1,605
3386,400,7,7,123,41,31.8,0.05,0,1,605
3387,400,7,8,129,41,31.75,0.05,0,1,605
3388,388,8,9,129,44,31.17,0.05,0,1,605
3389,374,9,9,129,42,35.76,0.05,0,1,605
3390,364,9,9,116,40,23.76,0.05,0,1,605
3391,384,8,9,134,45,33.16,0.05,0,1,605
3392,374,8,9,124,43,33.36,0.05,0,1,605
3393,400,1,1,52,18,7.8,0.05,0,1,605
3394,367,9,9,130,42,32.88,0.05,0,1,605
3395,367,9,9,122,40,32.88,0.05,0,1,605
3396,369,9,9,117,42,32.16,0.05,0,1,605
3397,362,8,9,120,44,30.23,0.05,0,1,605
3398,372,8,9,126,41,36.28,0.05,0,1,605
3399,400,0,0,7,2,-3.4,0.05,0,1,605
3400,400,9,9,130,48,29.85,0.05,0,1,605
3401,400,8,8,126,39,31.25,0.05,0,1,605
3402,400,8,8,124,47,29.0,0.05,0,1,605
3403,400,8,8,122,42,28.0,0.05,0,1,605
3404,386,8,9,126,44,34.14,0.05,0,1,605
3405,400,9,9,133,46,33.55,0.05,0,1,605
3406,400,8,8,115,43,23.8,0.05,0,1,605
3407,374,9,9,115,41,27.86,0.05,0,1,605
3408,350,9,9,124,40,33.45,0.05,0,1,605
3409,336,9,9,123,39,32.74,0.05,0,1,605
3410,400,2,2,43,11,5.2,0.05,0,1,605
3411,400,8,8,117,47,29.3,0.05,0,1,605
3412,350,9,9,121,40,32.2,0.05,0,1,605
3413,20,0,0,10,3,-4.85,0.05,1,0,605
3414,344,9,9,127,40,35.91,0.05,0,1,605
3415,357,9,9,107,42,25.68,0.05,0,1,605
3416,343,8,9,113,41,27.92,0.05,0,1,605
3417,334,8,9,127,39,34.96,0.05,0,1,605
3418,27,0,0,11,4,-6.17,0.05,1,0,605
3419,355,9,9,125,43,30.1,0.05,0,1,605
3420,345,9,9,116,43,22.55,0.05,1,0,605
3421,335,9,9,122,40,31.7,0.05,0,1,605
3422,344,9,9,123,40,32.71,0.05,0,1,605
3423,370,9,9,116,42,32.95,0.05,0,1,605
3424,355,9,9,128,41,32.9,0.05,0,1,605
3425,373,9,9,136,44,32.02,0.05,0,1,605
3426,400,7,7,123,43,31.2,0.05,0,1,605
3427,387,8,9,123,45,30.38,0.05,0,1,605
3428,400,8,8,124,42,33.5,0.05,0,1,605
3429,354,9,9,118,40,30.21,0.05,0,1,605
3430,400,4,4,82,26,17.7,0.05,0,1,605
3431,20,0,0,10,3,-4.35,0.05,1,0,605
3432,354,9,9,120,40,28.06,0.05,0,1,605
3433,378,8,9,122,44,31.37,0.05,0,1,605
3434,353,9,9,111,41,27.77,0.05,0,1,605
3435,368,9,9,115,42,30.37,0.05,0,1,605
3436,390,9,9,125,44,30.1,0.05,0,1,605
3437,400,3,3,59,17,11.6,0.05,0,1,605
3438,351,9,9,113,40,24.54,0.05,1,0,606
3439,374,9,9,130,44,31.96,0.05,0,1,606
3440,346,9,9,127,40,35.49,0.05,0,1,606
3441,381,8,9,128,44,33.79,0.05,0,1,606
3442,382,9,9,119,44,25.33,0.05,0,1,606
3443,400,7,7,101,29,23.15,0.05,0,1,606
3444,373,8,9,122,42,31.02,0.05,0,1,606
3445,20,0,0,9,3,-4.15,0.05,1,0,606
3446,400,8,8,121,48,22.85,0.05,0,1,606
3447,400,6,6,123,39,27.8,0.05,0,1,606
3448,370,9,9,127,44,30.8,0.05,0,1,606
3449,400,5,5,97,35,15.6,0.05,0,1,606
3450,244,3,3,108,32,16.86,0.05,1,0,606
3451,360,8,9,121,41,29.6,0.05,0,1,606
3452,382,8,9,123,45,29.33,0.05,0,1,606
3453,348,9,9,124,40,30.57,0.05,0,1,606
3454,374,9,9,124,44,30.71,0.05,0,1,606
3455,400,7,7,117,38,30.2,0.05,0,1,606
3456,400,4,4,80,29,10.8,0.05,0,1,606
3457,370,8,9,133,42,36.35,0.05,0,1,606
3458,371,9,9,129,43,33.24,0.05,0,1,606
3459,358,8,9,119,40,29.72,0.05,0,1,606
3460,400,7,7,119,38,28.9,0.05,0,1,606
3461,400,2,2,65,18,11.0,0.05,0,1,606
3462,358,8,9,123,41,30.77,0.05,0,1,606
3463,388,8,9,129,45,31.62,0.05,0,1,606
3464,342,9,9,123,39,34.03,0.05,0,1,606
3465,375,9,9,125,45,27.35,0.05,0,1,606
3466,354,9,9,119,39,29.46,0.05,1,0,606
3467,400,4,4,77,25,14.15,0.05,0,1,606
3468,13,0,0,6,2,-4.88,0.05,1,0,606
3469,365,8,9,119,42,31.0,0.05,0,1,606
3470,350,9,9,120,39,31.2,0.05,0,1,606
3471,400,5,5,58,22,5.7,0.05,0,1,606
3472,400,3,3,64,18,12.9,0.05,0,1,606
3473,319,9,9,121,37,24.36,0.05,1,0,608
3474,365,8,9,120,43,31.5,0.05,0,1,608
3475,138,2,2,69,18,8.82,0.05,1,0,608
3476,372,9,9,126,42,35.68,0.05,0,1,608
3477,390,9,9,124,44,33.85,0.05,0,1,608
3478,396,8,9,124,44,29.69,0.05,0,1,608
3479,400,8,8,123,43,29.15,0.05,0,1,608
3480,400,6,6,96,31,25.45,0.05,0,1,608
3481,400,5,5,115,39,23.2,0.05,0,1,608
3482,365,8,9,127,43,34.3,0.05,0,1,608
3483,370,8,9,118,43,27.15,0.05,0,1,608
3484,400,7,7,118,40,30.0,0.05,0,1,608
3485,374,9,9,125,45,27.61,0.05,0,1,608
3486,337,9,9,115,38,30.93,0.05,0,1,608
3487,400,5,5,70,22,12.15,0.05,0,1,608
3488,400,4,4,123,40,25.0,0.05,0,1,608
3489,378,9,9,136,44,37.22,0.05,0,1,608
3490,381,9,9,121,46,28.89,0.05,0,1,608
3491,350,9,9,127,42,34.25,0.05,0,1,608
3492,360,8,9,122,40,31.4,0.05,0,1,608
3493,400,7,7,122,45,25.5,0.05,0,1,608
3494,345,9,9,127,40,32.0,0.05,0,1,608
3495,395,8,9,119,47,27.9,0.05,0,1,608
3496,376,8,9,126,42,33.29,0.05,0,1,608
3497,385,9,9,119,44,29.1,0.05,0,1,608
3498,400,8,8,119,42,30.8,0.05,0,1,608
3499,379,9,9,127,46,29.46,0.05,0,1,608
3500,377,8,9,129,41,34.08,0.05,0,1,608
3501,20,0,0,10,3,-4.8,0.05,1,0,608
3502,400,8,8,115,41,29.0,0.05,0,1,608
3503,392,8,9,130,47,31.43,0.05,0,1,608
3504,370,9,9,120,44,31.05,0.05,0,1,608
3505,382,9,9,123,44,30.23,0.05,0,1,608
3506,400,9,9,123,43,33.5,0.05,0,1,608
3507,353,8,9,130,41,35.47,0.05,0,1,608
3508,27,0,0,11,4,-5.72,0.05,1,0,608
3509,377,9,9,131,44,34.13,0.05,0,1,608
3510,371,9,9,126,42,34.59,0.05,0,1,608
3511,371,9,9,112,43,19.99,0.05,1,0,608
3512,400,9,9,116,46,27.95,0.05,0,1,608
3513,400,1,1,59,22,1.0,0.05,0,1,608
3514,400,5,5,94,32,20.8,0.05,0,1,608
3515,400,8,8,114,37,27.1,0.05,0,1,608
3516,374,8,9,132,44,31.36,0.05,0,1,608
3517,400,2,2,40,11,7.25,0.05,0,1,608
3518,377,8,9,122,46,26.33,0.05,0,1,608
3519,400,2,2,49,15,3.6,0.05,0,1,608
3520,400,5,5,79,25,14.05,0.05,0,1,608
3521,332,8,9,125,39,33.53,0.05,0,1,608
3522,400,6,6,88,29,18.4,0.05,0,1,608
3523,374,8,9,126,44,26.81,0.05,0,1,608
3524,346,8,9,126,41,29.59,0.05,0,1,608
3525,400,8,8,124,48,26.45,0.05,0,1,608
3526,400,9,9,107,37,25.55,0.05,0,1,608
3527,381,8,9,127,43,32.04,0.05,0,1,608
3528,380,9,9,124,44,28.4,0.05,0,1,608
3529,370,9,9,113,42,32.2,0.05,0,1,608
3530,354,8,9,125,43,34.51,0.05,0,1,608
3531,351,8,9,119,41,28.19,0.05,0,1,608
3532,344,8,9,127,40,35.86,0.05,0,1,608
3533,400,8,8,115,39,27.75,0.05,0,1,608
3534,377,9,9,122,44,26.88,0.05,0,1,608
3535,349,9,9,127,41,32.16,0.05,0,1,608
3536,365,9,9,120,43,29.4,0.05,0,1,608
3537,400,9,9,124,44,32.5,0.05,0,1,608
3538,387,9,9,122,46,28.58,0.05,0,1,608
3539,357,9,9,121,43,31.68,0.05,0,1,608
3540,383,9,9,127,43,31.82,0.05,0,1,608
3541,383,9,9,121,43,30.87,0.05,0,1,608
3542,345,8,9,123,41,30.25,0.05,0,1,608
3543,78,2,2,34,11,0.67,0.05,1,0,608
3544,370,8,9,126,43,33.35,0.05,0,1,608
3545,400,3,3,70,22,11.75,0.05,0,1,608
3546,353,8,9,126,42,32.47,0.05,0,1,608
3547,398,8,9,125,46,29.67,0.05,0,1,608
3548,400,6,6,91,28,20.35,0.05,0,1,608
3549,400,8,8,122,43,30.9,0.05,0,1,608
3550,373,8,9,130,41,36.77,0.05,0,1,608
3551,344,8,9,128,39,35.26,0.05,0,1,608
3552,383,9,9,119,47,26.47,0.05,0,1,608
3553,332,9,9,125,40,26.23,0.05,1,0,608
3554,400,8,8,119,41,30.5,0.05,0,1,608
3555,344,9,9,114,38,29.36,0.05,0,1,608
3556,360,9,9,127,41,31.8,0.05,0,1,608
3557,400,9,9,127,44,33.7,0.05,0,1,608
3558,358,8,9,122,41,28.62,0.05,0,1,608
3559,368,8,9,127,41,34.52,0.05,0,1,608
3560,400,6,6,106,38,19.3,0.05,0,1,608
3561,400,9,9,126,43,35.3,0.05,0,1,608
3562,375,9,9,128,44,29.5,0.05,0,1,608
3563,370,8,9,123,42,33.6,0.05,0,1,608
3564,374,9,9,130,42,32.96,0.05,0,1,608
3565,388,9,9,124,44,30.67,0.05,0,1,608
3566,341,8,9,128,39,33.84,0.05,0,1,608
3567,368,9,9,123,43,28.37,0.05,0,1,608
3568,115,3,3,46,14,5.15,0.05,1,0,608
3569,337,8,9,112,38,32.23,0.05,0,1,608
3570,27,0,0,10,4,-6.02,0.05,1,0,608
3571,13,0,0,3,2,-5.38,0.05,1,0,608
3572,339,9,9,108,38,29.91,0.05,0,1,608
3573,339,9,9,120,40,29.46,0.05,0,1,608
3574,394,9,9,123,46,30.41,0.05,0,1,608
3575,341,9,9,116,40,29.69,0.05,0,1,608
3576,365,9,9,125,41,30.1,0.05,0,1,608
3577,400,1,1,57,15,8.65,0.05,0,1,608
3578,308,8,8,121,38,22.02,0.05,1,0,608
3579,400,6,6,88,28,16.05,0.05,0,1,608
3580,400,9,9,112,41,28.45,0.05,0,1,608
3581,371,8,9,123,43,31.34,0.05,0,1,608
3582,365,8,9,115,39,29.35,0.05,0,1,608
3583,358,9,9,121,43,32.17,0.05,0,1,608
3584,400,6,6,138,40,35.6,0.05,0,1,608
3585,400,5,5,105,33,22.5,0.05,0,1,608
3586,44,0,0,17,6,-3.49,0.05,1,0,608
3587,377,8,9,129,46,31.28,0.05,0,1,608
3588,400,4,4,117,37,21.2,0.05,0,1,608
3589,353,8,9,120,41,31.52,0.05,0,1,608
3590,358,8,9,117,41,31.87,0.05,0,1,608
3591,357,8,9,125,40,35.08,0.05,0,1,608
3592,334,8,9,119,40,32.06,0.05,0,1,608
3593,365,9,9,119,40,31.2,0.05,0,1,608
3594,20,0,1,9,3,-3.9,0.05,1,0,608
3595,339,9,9,129,41,31.46,0.05,0,1,608
3596,383,9,9,126,43,33.77,0.05,0,1,608
3597,392,9,9,131,44,33.13,0.05,0,1,608
3598,400,8,8,117,44,27.8,0.05,0,1,608
3599,333,8,9,120,39,29.97,0.05,0,1,608
3600,396,9,9,128,46,28.74,0.05,0,1,608
3601,338,8,9,114,39,30.77,0.05,0,1,608
3602,353,8,9,123,41,32.07,0.05,0,1,608
3603,371,8,9,119,42,29.04,0.05,0,1,608
3604,400,5,5,54,17,13.65,0.05,0,1,608
3605,400,1,1,76,22,13.35,0.05,0,1,608
3606,354,9,9,119,40,31.41,0.05,0,1,608
3607,393,8,9,131,45,32.72,0.05,0,1,608
3608,365,8,9,133,46,26.05,0.05,0,1,608
3609,400,8,8,104,34,26.25,0.05,0,1,608
3610,370,8,9,125,44,30.35,0.05,0,1,608
3611,374,8,9,124,45,28.66,0.05,0,1,608
3612,400,1,1,46,15,4.0,0.05,0,1,608
3613,400,7,7,112,34,25.0,0.05,0,1,608
3614,383,8,9,137,47,31.97,0.05,0,1,608
3615,400,8,8,123,45,28.0,0.05,0,1,608
3616,333,9,9,116,39,28.92,0.05,0,1,608
3617,372,8,9,126,43,33.03,0.05,0,1,608
3618,350,9,9,125,41,31.35,0.05,0,1,608
3619,376,9,9,121,36,31.59,0.05,0,1,608
3620,376,8,9,129,41,30.84,0.05,0,1,608
3621,398,8,9,130,45,34.22,0.05,0,1,608
3622,361,8,9,126,41,32.39,0.05,0,1,608
3623,363,9,9,126,41,34.02,0.05,0,1,608
3624,27,0,0,9,4,-4.82,0.05,1,0,608
3625,340,9,9,126,41,28.1,0.05,0,1,608
3626,393,8,9,118,43,32.77,0.05,0,1,608
3627,390,8,9,114,39,30.35,0.05,0,1,608
3628,400,1,1,26,8,1.55,0.05,0,1,608
3629,377,8,9,125,44,25.88,0.05,0,1,608
3630,378,9,9,122,44,27.32,0.05,0,1,608
3631,273,5,5,121,36,24.77,0.05,1,0,608
3632,395,9,9,129,45,30.45,0.05,0,1,608
3633,339,8,9,124,39,30.71,0.05,0,1,608
3634,367,8,9,123,42,30.78,0.05,0,1,608
3635,379,9,9,124,42,34.06,0.05,0,1,608
3636,308,9,9,123,35,34.67,0.05,0,1,608
3637,370,8,9,124,43,31.85,0.05,0,1,608
3638,357,8,9,130,42,32.73,0.05,0,1,608
3639,358,8,9,122,44,29.12,0.05,0,1,608
3640,330,8,9,121,40,30.0,0.05,0,1,608
3641,400,6,6,122,39,27.05,0.05,0,1,608
3642,400,5,5,98,30,25.55,0.05,0,1,608
3643,383,8,9,128,43,31.87,0.05,0,1,608
3644,400,6,7,115,38,27.95,0.05,0,1,608
3645,388,8,9,126,46,31.07,0.05,0,1,608
3646,362,8,9,123,41,32.83,0.05,0,1,608
3647,378,8,9,128,42,34.52,0.05,0,1,608
3648,320,9,9,126,38,33.6,0.05,0,1,608
3649,370,8,9,128,43,30.35,0.05,0,1,608
3650,396,9,9,116,45,31.94,0.05,0,1,608
3651,338,8,9,122,38,33.02,0.05,0,1,608
3652,382,9,9,130,44,34.88,0.05,0,1,608
3653,379,8,9,117,43,26.96,0.05,0,1,608
3654,398,9,9,124,47,27.72,0.05,0,1,608
3655,392,9,9,119,43,30.38,0.05,0,1,608
3656,364,9,9,125,43,33.96,0.05,0,1,608
3657,400,6,6,127,44,28.4,0.05,0,1,608
3658,359,9,9,120,40,29.66,0.05,0,1,608
3659,347,8,9,123,40,28.13,0.05,0,1,608
3660,394,9,9,120,46,29.21,0.05,0,1,608
3661,400,2,2,38,14,1.05,0.05,0,1,608
3662,343,9,9,115,40,28.97,0.05,0,1,608
3663,400,4,4,82,24,17.45,0.05,0,1,608
3664,373,9,9,127,44,30.72,0.05,0,1,608
3665,336,9,9,122,38,36.04,0.05,0,1,608
3666,362,8,9,118,42,23.83,0.05,0,1,608
3667,309,8,9,114,36,30.86,0.05,0,1,608
3668,373,8,9,118,41,33.27,0.05,0,1,608
3669,337,8,9,109,37,33.83,0.05,0,1,608
3670,346,8,9,122,42,28.04,0.05,0,1,608
3671,345,9,9,133,39,35.4,0.05,0,1,608
3672,13,0,0,6,2,-4.68,0.05,1,0,608
3673,353,9,9,118,41,22.52,0.05,1,0,610
3674,372,9,9,120,40,32.83,0.05,0,1,611
3675,400,9,9,129,44,32.1,0.05,0,1,611
3676,345,9,9,132,41,31.85,0.05,0,1,611
3677,360,8,9,120,40,28.35,0.05,0,1,611
3678,359,9,9,125,42,30.91,0.05,0,1,611
3679,20,0,0,8,3,-4.9,0.05,1,0,611
3680,400,9,9,127,47,32.75,0.05,0,1,611
3681,379,8,9,124,45,30.51,0.05,0,1,611
3682,294,7,7,112,36,23.46,0.05,1,0,611
3683,400,5,5,76,21,16.9,0.05,0,1,611
3684,372,8,9,137,41,36.43,0.05,0,1,611
3685,364,9,9,118,42,30.71,0.05,0,1,611
3686,390,9,9,118,41,31.0,0.05,0,1,611
3687,117,0,0,47,15,1.03,0.05,1,0,611
3688,378,8,9,121,44,26.67,0.05,0,1,611
3689,400,7,7,126,42,31.5,0.05,0,1,611
3690,378,8,9,121,41,35.22,0.05,0,1,611
3691,400,2,2,40,13,-0.05,0.05,0,1,611
3692,333,9,9,121,40,29.42,0.05,0,1,611
3693,358,8,9,129,41,33.62,0.05,0,1,611
3694,400,6,6,121,41,28.05,0.05,0,1,611
3695,363,8,9,127,41,31.47,0.05,0,1,611
3696,329,8,9,119,38,32.11,0.05,0,1,611
3697,400,2,2,36,11,2.9,0.05,0,1,611
3698,393,9,9,135,47,36.02,0.05,0,1,611
3699,363,9,9,122,40,36.67,0.05,0,1,611
3700,391,8,9,123,47,20.94,0.05,0,1,611
3701,355,9,9,129,41,29.3,0.05,0,1,611
3702,400,8,8,124,41,30.7,0.05,0,1,611
3703,357,9,9,129,43,35.28,0.05,0,1,611
3704,20,0,0,9,3,-5.15,0.05,1,0,611
3705,27,0,0,9,4,-5.82,0.05,1,0,611
3706,400,9,9,125,48,26.45,0.05,0,1,611
3707,400,9,9,121,47,23.4,0.05,0,1,611
3708,365,8,9,126,43,33.25,0.05,0,1,611
3709,355,8,9,117,42,28.2,0.05,0,1,611
3710,400,7,7,130,39,31.85,0.05,0,1,611
3711,400,7,7,130,43,31.75,0.05,0,1,611
3712,362,9,9,121,40,32.78,0.05,0,1,611
3713,370,8,9,122,43,32.35,0.05,0,1,611
3714,365,9,9,120,42,30.5,0.05,0,1,611
3715,400,8,8,124,48,30.2,0.05,0,1,611
3716,349,8,9,123,44,28.36,0.05,0,1,611
3717,354,8,9,123,41,33.26,0.05,0,1,611
3718,358,8,9,117,42,29.17,0.05,0,1,611
3719,400,8,8,122,46,29.0,0.05,0,1,611
3720,317,8,9,120,38,32.93,0.05,0,1,611
3721,366,8,9,119,43,30.84,0.05,0,1,611
3722,352,9,9,122,39,33.18,0.05,0,1,611
3723,310,9,9,111,36,27.2,0.05,0,1,611
3724,400,5,5,106,35,23.6,0.05,0,1,611
3725,400,6,6,116,34,25.75,0.05,0,1,611
3726,375,9,9,128,46,29.95,0.05,0,1,611
3727,332,9,9,112,39,27.13,0.05,0,1,611
3728,400,9,9,122,45,31.15,0.05,0,1,611
3729,324,9,9,121,38,31.26,0.05,0,1,611
3730,342,8,9,124,42,33.18,0.05,0,1,611
3731,400,6,6,108,39,21.25,0.05,0,1,611
3732,385,9,9,122,44,30.3,0.05,0,1,611
3733,389,9,9,121,44,28.71,0.05,0,1,611
3734,374,9,9,122,42,31.21,0.05,0,1,611
3735,60,1,1,34,8,3.1,0.05,1,0,611
3736,379,8,9,127,44,29.46,0.05,0,1,611
3737,375,8,9,124,44,31.15,0.05,0,1,611
3738,400,2,2,44,12,6.05,0.05,0,1,611
3739,365,8,9,125,41,31.95,0.05,0,1,611
3740,400,8,8,100,25,30.5,0.05,0,1,611
3741,326,8,9,125,40,31.69,0.05,0,1,611
3742,397,9,9,125,43,29.93,0.05,0,1,611
3743,400,9,9,126,45,34.15,0.05,0,1,611
3744,400,8,8,120,40,32.1,0.05,0,1,611
3745,400,9,9,132,47,32.65,0.05,0,1,611
3746,373,9,9,119,43,27.77,0.05,0,1,611
3747,380,8,9,132,44,34.5,0.05,0,1,611
3748,363,8,9,137,41,31.67,0.05,0,1,611
3749,377,8,9,121,42,32.68,0.05,0,1,611
3750,358,8,9,134,42,33.07,0.05,0,1,611
3751,391,9,9,119,45,30.14,0.05,0,1,611
3752,399,8,9,125,45,31.01,0.05,0,1,611
3753,238,5,5,103,31,15.92,0.05,1,0,611
3754,354,9,9,114,40,30.66,0.05,0,1,611
3755,382,9,9,128,44,30.83,0.05,0,1,611
3756,369,9,9,122,43,33.01,0.05,0,1,611
3757,337,8,9,114,39,28.63,0.05,0,1,611
3758,27,1,1,11,4,-5.02,0.05,1,0,611
3759,347,9,9,117,41,27.58,0.05,0,1,611
3760,367,9,9,120,42,30.08,0.05,0,1,611
3761,13,0,0,7,2,-5.13,0.05,1,0,611
3762,370,9,9,121,44,30.2,0.05,0,1,611
3763,400,6,6,101,28,27.65,0.05,0,1,611
3764,392,9,9,128,42,30.88,0.05,0,1,611
3765,400,9,9,132,47,33.2,0.05,0,1,611
3766,354,9,9,121,41,32.31,0.05,0,1,611
3767,352,9,9,117,41,29.73,0.05,0,1,611
3768,63,0,0,36,9,-0.43,0.05,1,0,611
3769,354,8,9,119,40,31.11,0.05,0,1,611
3770,363,8,9,124,43,32.42,0.05,0,1,611
3771,358,8,9,121,40,30.32,0.05,0,1,611
3772,370,8,9,120,42,28.45,0.05,0,1,611
3773,400,6,6,93,35,19.35,0.05,0,1,611
3774,361,8,9,122,40,32.74,0.05,0,1,611
3775,365,9,9,115,43,26.9,0.05,0,1,611
3776,388,9,9,127,45,28.82,0.05,0,1,611
3777,380,9,9,117,43,30.95,0.05,0,1,611
3778,375,8,9,133,41,37.65,0.05,0,1,611
3779,345,8,9,121,40,30.35,0.05,0,1,611
3780,355,9,9,123,40,34.7,0.05,0,1,611
3781,380,9,9,132,43,29.6,0.05,0,1,611
3782,322,9,9,120,36,34.78,0.05,0,1,611
3783,375,9,9,119,44,27.75,0.05,0,1,611
3784,373,8,9,126,45,27.67,0.05,0,1,611
3785,386,9,9,132,44,33.24,0.05,0,1,611
3786,359,8,9,114,41,29.66,0.05,0,1,611
3787,337,9,9,106,39,29.03,0.05,0,1,611
3788,354,8,9,109,40,29.91,0.05,0,1,611
3789,397,9,9,125,44,30.53,0.05,0,1,611
3790,400,9,9,121,46,24.1,0.05,0,1,611
3791,314,8,9,124,36,34.96,0.05,0,1,611
3792,399,8,9,135,45,34.91,0.05,0,1,611
3793,325,9,9,115,40,30.1,0.05,0,1,611
3794,350,8,9,114,42,29.5,0.05,0,1,611
3795,364,8,9,119,42,28.41,0.05,0,1,611
3796,400,8,8,122,39,30.65,0.05,0,1,611
3797,27,1,1,8,4,-5.97,0.05,1,0,611
3798,400,8,8,122,45,31.0,0.05,0,1,611
3799,372,9,9,128,41,36.38,0.05,0,1,611
3800,371,9,9,120,43,27.89,0.05,0,1,612
3801,379,9,9,118,40,35.81,0.05,0,1,612
3802,389,9,9,125,45,28.51,0.05,0,1,612
3803,400,0,0,45,13,4.7,0.05,0,1,612
3804,336,9,9,120,40,31.79,0.05,0,1,612
3805,377,8,9,126,45,30.03,0.05,0,1,612
3806,366,9,9,123,41,31.14,0.05,0,1,612
3807,380,9,9,122,44,30.95,0.05,0,1,612
3808,366,9,9,119,42,31.04,0.05,0,1,612
3809,352,9,9,121,41,27.88,0.05,0,1,612
3810,352,8,9,122,41,32.13,0.05,0,1,612
3811,362,8,9,116,44,29.08,0.05,0,1,612
3812,349,9,9,125,42,29.51,0.05,1,0,612
3813,386,9,9,131,45,31.34,0.05,0,1,612
3814,393,8,9,122,46,30.77,0.05,0,1,612
3815,400,9,9,122,42,32.8,0.05,0,1,612
3816,396,8,9,123,46,31.04,0.05,0,1,612
3817,398,8,9,126,47,27.97,0.05,0,1,612
3818,363,9,9,127,41,34.37,0.05,0,1,612
3819,352,9,9,125,45,28.83,0.05,0,1,612
3820,380,9,9,129,44,33.75,0.05,0,1,612
3821,326,8,9,120,38,31.19,0.05,0,1,612
3822,365,8,9,122,44,32.75,0.05,0,1,612
3823,400,6,6,88,23,23.6,0.05,0,1,612
3824,400,2,2,46,15,4.85,0.05,0,1,612
3825,382,9,9,120,43,32.93,0.05,0,1,612
3826,347,8,9,132,41,34.98,0.05,0,1,612
3827,379,8,9,128,45,32.11,0.05,0,1,612
3828,378,9,9,128,44,31.87,0.05,0,1,612
3829,375,8,9,122,43,31.75,0.05,0,1,612
3830,400,9,9,121,38,32.4,0.05,0,1,612
3831,386,9,9,120,45,30.54,0.05,0,1,612
3832,400,5,5,116,35,25.0,0.05,0,1,612
3833,387,9,9,112,45,25.78,0.05,0,1,612
3834,379,8,9,119,43,29.71,0.05,0,1,612
3835,393,9,9,125,44,27.77,0.05,0,1,612
3836,351,9,9,124,42,29.54,0.05,0,1,612
3837,352,8,9,130,41,33.93,0.05,0,1,612
3838,342,8,9,123,41,29.98,0.05,0,1,612
3839,13,0,0,8,2,-4.83,0.05,1,0,612
3840,382,9,9,125,43,32.18,0.05,0,1,612
3841,385,8,9,135,44,33.45,0.05,0,1,612
3842,364,8,9,132,43,36.56,0.05,0,1,612
3843,396,9,9,123,44,32.84,0.05,0,1,612
3844,362,8,9,122,42,29.68,0.05,0,1,612
3845,353,8,9,121,41,32.42,0.05,0,1,612
3846,351,8,9,118,42,25.14,0.05,0,1,612
3847,364,9,9,121,44,29.21,0.05,0,1,612
3848,353,9,9,127,41,33.37,0.05,0,1,612
3849,400,1,1,48,16,6.75,0.05,0,1,612
3850,343,9,9,120,38,29.22,0.05,0,1,612
3851,347,8,9,130,41,32.43,0.05,0,1,612
3852,364,8,9,128,40,33.31,0.05,0,1,612
3853,368,8,9,124,44,28.67,0.05,0,1,612
3854,362,9,9,128,42,34.53,0.05,0,1,612
3855,357,8,9,121,41,30.73,0.05,0,1,612
3856,364,9,9,121,41,34.61,0.05,0,1,612
3857,351,9,9,118,42,31.19,0.05,0,1,612
3858,331,8,9,121,39,35.09,0.05,0,1,612
3859,369,9,9,126,41,35.06,0.05,0,1,612
3860,364,8,9,132,42,34.11,0.05,0,1,612
3861,335,9,9,120,40,29.85,0.05,0,1,612
3862,338,9,9,120,40,32.92,0.05,0,1,612
3863,369,8,9,125,43,32.36,0.05,0,1,612
3864,371,9,9,125,43,33.04,0.05,0,1,612
3865,375,8,9,125,42,33.8,0.05,0,1,612
3866,348,8,9,128,41,32.62,0.05,0,1,612
3867,327,9,9,124,39,27.53,0.05,0,1,612
3868,335,8,9,114,38,31.65,0.05,0,1,612
3869,400,5,5,100,30,21.45,0.05,0,1,612
3870,341,9,9,130,41,35.69,0.05,0,1,612
3871,400,7,7,118,37,26.25,0.05,0,1,612
3872,380,9,9,109,45,23.4,0.05,0,1,612
3873,364,8,9,126,44,29.26,0.05,0,1,612
3874,323,8,9,124,37,35.22,0.05,0,1,612
3875,376,9,9,129,43,32.24,0.05,0,1,612
3876,354,8,9,123,42,29.86,0.05,0,1,612
3877,27,0,0,12,4,-4.42,0.05,1,0,612
3878,338,8,9,132,39,34.62,0.05,0,1,612
3879,354,8,9,129,41,34.26,0.05,0,1,612
3880,347,8,9,125,41,30.83,0.05,0,1,612
3881,356,8,9,122,42,29.79,0.05,0,1,612
3882,379,8,9,121,44,27.71,0.05,0,1,612
3883,350,9,9,128,43,32.15,0.05,0,1,612
3884,356,9,9,123,42,28.69,0.05,0,1,612
3885,400,7,7,113,34,24.55,0.05,0,1,612
3886,355,8,9,120,40,29.45,0.05,0,1,612
3887,400,9,9,121,44,29.4,0.05,0,1,612
3888,400,8,8,108,36,29.6,0.05,0,1,612
3889,381,8,9,115,47,20.39,0.05,0,1,612
3890,377,9,9,123,42,29.08,0.05,0,1,612
3891,400,0,0,0,0,-4.2,0.05,0,1,612
3892,349,9,9,125,40,31.46,0.05,0,1,612
3893,400,7,7,121,48,24.5,0.05,0,1,612
3894,334,9,9,117,39,34.51,0.05,0,1,612
3895,394,8,9,132,48,33.76,0.05,0,1,612
3896,400,8,8,116,39,30.7,0.05,0,1,612
3897,394,8,9,120,46,28.71,0.05,0,1,612
3898,341,8,9,125,40,33.09,0.05,0,1,612
3899,349,8,9,120,42,29.66,0.05,0,1,612
3900,398,9,9,125,47,27.02,0.05,0,1,612
3901,400,7,7,115,42,25.45,0.05,0,1,612
3902,400,8,8,96,29,20.7,0.05,0,1,612
3903,343,9,9,117,39,32.12,0.05,0,1,612
3904,339,8,9,123,39,32.01,0.05,0,1,612
3905,386,9,9,125,44,29.54,0.05,0,1,612
3906,369,9,9,124,43,27.41,0.05,0,1,612
3907,356,8,9,123,41,29.59,0.05,0,1,612
3908,384,9,9,118,45,29.36,0.05,0,1,612
3909,357,9,9,125,39,33.73,0.05,0,1,612
3910,373,9,9,126,42,34.02,0.05,0,1,612
3911,337,9,9,118,40,31.03,0.05,0,1,612
3912,383,8,9,131,45,31.37,0.05,0,1,612
3913,340,9,9,122,40,31.45,0.05,0,1,612
3914,385,8,9,124,44,32.3,0.05,0,1,612
3915,400,8,8,126,47,30.7,0.05,0,1,612
3916,337,8,9,115,41,29.08,0.05,0,1,612
3917,27,2,2,14,4,-1.52,0.05,1,0,612
3918,372,8,9,129,42,33.18,0.05,0,1,612
3919,400,8,8,110,35,28.1,0.05,0,1,612
3920,349,9,9,119,42,27.36,0.05,0,1,612
3921,381,8,9,125,44,30.74,0.05,0,1,612
3922,372,9,9,122,45,28.93,0.05,0,1,612
3923,358,8,9,115,40,29.92,0.05,0,1,612
3924,378,9,9,130,42,32.92,0.05,0,1,612
3925,351,9,9,120,39,30.94,0.05,0,1,612
3926,400,8,9,126,46,32.75,0.05,0,1,612
3927,400,8,8,128,44,32.1,0.05,0,1,612
3928,366,8,9,124,41,27.89,0.05,0,1,612
3929,364,8,9,116,44,25.46,0.05,0,1,612
3930,372,9,9,117,43,29.38,0.05,0,1,612
3931,338,9,9,115,40,26.17,0.05,0,1,612
3932,370,9,9,120,42,32.35,0.05,0,1,612
3933,344,8,9,113,40,27.21,0.05,0,1,612
3934,360,9,9,126,41,31.95,0.05,0,1,612
3935,400,9,9,119,46,27.35,0.05,0,1,612
3936,369,9,9,125,43,31.86,0.05,0,1,612
3937,324,8,9,122,39,30.86,0.05,0,1,612
3938,344,9,9,116,40,30.21,0.05,0,1,612
3939,317,8,9,121,37,33.98,0.05,0,1,612
3940,400,9,9,130,47,32.65,0.05,0,1,612
3941,343,8,9,120,40,30.32,0.05,0,1,612
3942,367,8,9,129,40,37.03,0.05,0,1,612
3943,356,8,9,128,42,36.54,0.05,0,1,612
3944,364,8,9,122,42,32.71,0.05,0,1,612
3945,400,5,5,112,35,23.15,0.05,0,1,612
3946,400,1,1,35,12,-0.6,0.05,0,1,612
3947,350,8,9,130,42,31.45,0.05,0,1,612
3948,400,8,8,120,38,30.75,0.05,0,1,612
3949,371,9,9,132,43,34.59,0.05,0,1,612
3950,358,8,9,123,42,32.57,0.05,0,1,612
3951,353,9,9,125,40,34.77,0.05,0,1,612
3952,383,8,9,127,45,31.77,0.05,0,1,612
3953,351,8,9,120,40,31.94,0.05,0,1,612
3954,376,9,9,111,40,29.94,0.05,0,1,612
3955,349,9,9,126,41,29.06,0.05,0,1,612
3956,374,8,9,120,40,35.66,0.05,0,1,612
3957,380,8,9,128,44,30.55,0.05,0,1,612
3958,13,0,0,6,2,-4.78,0.05,1,0,612
3959,230,3,3,96,30,13.7,0.05,1,0,612
3960,355,9,9,136,41,36.8,0.05,0,1,612
3961,340,9,9,123,41,32.6,0.05,0,1,612
3962,387,9,9,125,45,28.98,0.05,0,1,612
3963,231,6,6,88,26,17.74,0.05,1,0,612
3964,348,8,9,121,42,28.97,0.05,0,1,612
3965,397,9,9,131,45,34.28,0.05,0,1,612
3966,353,9,9,116,42,31.17,0.05,0,1,612
3967,262,6,6,103,33,19.58,0.05,1,0,612
3968,346,9,9,122,42,29.19,0.05,0,1,612
3969,400,5,5,90,30,22.25,0.05,0,1,612
3970,365,9,9,133,43,34.25,0.05,0,1,612
3971,400,5,5,54,17,12.05,0.05,0,1,612
3972,355,9,9,124,40,32.4,0.05,0,1,612
3973,27,0,0,9,4,-5.67,0.05,1,0,612
3974,363,8,9,125,40,35.77,0.05,0,1,612
3975,400,7,7,124,48,26.25,0.05,0,1,612
3976,400,1,1,14,3,0.0,0.05,0,1,612
3977,366,8,9,125,40,33.74,0.05,0,1,612
3978,378,8,9,121,43,29.27,0.05,0,1,612
3979,400,5,5,119,36,27.95,0.05,0,1,612
3980,400,9,9,123,44,32.65,0.05,0,1,612
3981,349,8,9,118,41,29.36,0.05,0,1,612
3982,400,7,7,116,40,26.6,0.05,0,1,612
3983,358,8,9,123,42,28.57,0.05,0,1,612
3984,395,9,9,127,45,30.7,0.05,0,1,612
3985,387,8,9,121,43,34.43,0.05,0,1,612
3986,137,4,4,57,18,7.33,0.05,1,0,612
3987,400,8,8,123,47,28.15,0.05,0,1,612
3988,370,9,9,128,43,29.8,0.05,0,1,612
3989,367,8,9,131,43,35.23,0.05,0,1,612
3990,394,9,9,117,44,29.76,0.05,0,1,612
3991,378,9,9,123,42,31.97,0.05,0,1,612
3992,364,9,9,125,41,34.16,0.05,0,1,612
3993,360,9,9,123,41,28.1,0.05,1,0,613
3994,359,8,9,112,41,28.91,0.05,0,1,613
3995,394,8,9,124,45,34.26,0.05,0,1,613
3996,322,8,9,114,37,30.68,0.05,0,1,613
3997,353,8,9,126,42,33.42,0.05,0,1,613
3998,381,9,9,125,43,31.64,0.05,0,1,613
3999,358,8,9,131,42,36.07,0.05,0,1,613
4000,400,3,3,56,16,9.15,0.05,0,1,613
4001,377,9,9,127,43,29.23,0.05,0,1,613
4002,400,7,7,116,38,24.7,0.05,0,1,613
4003,383,8,9,129,45,31.42,0.05,0,1,613
4004,372,9,9,124,41,30.88,0.05,0,1,613
4005,392,9,9,130,45,32.08,0.05,0,1,613
4006,387,9,9,123,42,33.18,0.05,0,1,613
4007,373,8,9,119,41,30.52,0.05,0,1,613
4008,400,3,3,53,17,7.25,0.05,0,1,613
4009,350,8,9,132,40,37.8,0.05,0,1,613
4010,383,9,9,120,44,31.07,0.05,0,1,613
4011,353,9,9,119,41,28.07,0.05,0,1,613
4012,361,9,9,105,40,29.14,0.05,0,1,613
4013,400,8,8,117,47,26.35,0.05,0,1,613
4014,27,0,0,8,4,-6.02,0.05,1,0,613
4015,337,9,9,117,41,30.03,0.05,0,1,613
4016,379,9,9,130,44,33.36,0.05,0,1,613
4017,400,5,5,96,29,22.95,0.05,0,1,613
4018,363,8,9,123,42,28.87,0.05,0,1,613
4019,365,9,9,115,43,27.7,0.05,0,1,613
4020,150,5,5,64,19,12.4,0.05,1,0,613
4021,344,8,9,122,41,32.21,0.05,0,1,613
4022,400,9,9,127,46,32.8,0.05,0,1,613
4023,400,6,6,103,35,22.6,0.05,0,1,613
4024,400,2,2,58,18,8.3,0.05,0,1,613
4025,355,9,9,124,42,30.45,0.05,0,1,613
4026,348,8,9,114,40,26.17,0.05,0,1,613
4027,400,2,2,43,13,5.95,0.05,0,1,613
4028,321,9,9,116,38,26.09,0.05,0,1,613
4029,356,8,9,122,43,30.79,0.05,0,1,613
4030,374,9,9,123,45,31.41,0.05,0,1,613
4031,380,8,9,131,43,32.15,0.05,0,1,613
4032,380,9,9,125,46,28.75,0.05,0,1,613
4033,382,9,9,125,41,35.53,0.05,0,1,613
4034,372,8,9,122,42,31.88,0.05,0,1,613
4035,376,9,9,120,43,29.99,0.05,0,1,613
4036,400,9,9,121,39,32.35,0.05,0,1,613
4037,324,8,8,119,39,23.31,0.05,1,0,613
4038,346,9,9,128,42,31.49,0.05,0,1,613
4039,361,8,9,114,40,30.64,0.05,0,1,613
4040,385,9,9,121,44,28.65,0.05,0,1,613
4041,377,9,9,128,43,32.88,0.05,0,1,613
4042,353,9,9,128,40,27.62,0.05,1,0,613
4043,381,9,9,118,40,30.94,0.05,0,1,613
4044,363,8,9,126,41,33.67,0.05,0,1,613
4045,373,8,9,128,41,34.42,0.05,0,1,613
4046,370,9,9,129,44,30.3,0.05,0,1,613
4047,28,0,0,17,4,-1.23,0.05,1,0,613
4048,378,8,9,130,41,35.52,0.05,0,1,613
4049,392,8,9,132,46,32.08,0.05,0,1,613
4050,382,8,9,123,42,33.28,0.05,0,1,613
4051,400,0,0,0,0,-4.45,0.05,0,1,613
4052,337,9,9,114,40,29.13,0.05,0,1,613
4053,365,8,9,123,43,28.05,0.05,0,1,613
4054,365,9,9,124,44,29.1,0.05,0,1,613
4055,341,8,9,120,39,31.49,0.05,0,1,613
4056,389,9,9,121,44,32.51,0.05,0,1,613
4057,364,9,9,125,43,30.21,0.05,0,1,613
4058,379,8,9,116,44,28.31,0.05,0,1,613
4059,400,2,2,41,12,4.65,0.05,0,1,613
4060,340,9,9,128,41,30.9,0.05,0,1,613
4061,385,8,9,128,43,33.6,0.05,0,1,613
4062,351,8,9,121,40,27.14,0.05,0,1,613
4063,382,9,9,126,43,31.93,0.05,0,1,613
4064,390,9,9,124,45,27.45,0.05,0,1,613
4065,370,8,9,133,41,35.65,0.05,0,1,613
4066,320,8,9,115,38,34.75,0.05,0,1,613
4067,27,0,0,11,4,-3.72,0.05,1,0,613
4068,367,9,9,127,42,29.08,0.05,0,1,613
4069,394,9,9,130,43,34.26,0.05,0,1,613
4070,364,8,9,130,42,37.96,0.05,0,1,613
4071,353,9,9,127,41,35.02,0.05,0,1,613
4072,365,9,9,121,42,33.35,0.05,0,1,613
4073,333,9,9,122,40,30.87,0.05,0,1,613
4074,366,9,9,135,40,40.34,0.05,0,1,613
4075,398,9,9,114,45,28.62,0.05,0,1,613
4076,345,8,9,120,40,34.5,0.05,0,1,613
4077,348,8,9,123,38,32.47,0.05,0,1,613
4078,358,8,9,123,42,32.17,0.05,0,1,613
4079,340,8,9,127,38,32.35,0.05,0,1,613
4080,339,9,9,123,40,33.41,0.05,0,1,613
4081,329,8,9,128,40,33.56,0.05,0,1,613
4082,341,9,9,120,41,33.54,0.05,0,1,613
4083,348,8,9,115,42,24.32,0.05,0,1,613
4084,357,8,9,125,40,36.98,0.05,0,1,613
4085,400,8,8,122,42,27.55,0.05,0,1,613
4086,400,5,5,91,28,23.05,0.05,0,1,613
4087,400,5,5,93,28,16.55,0.05,0,1,613
4088,400,1,1,37,12,1.75,0.05,0,1,613
4089,400,4,4,96,31,20.0,0.05,0,1,613
4090,400,8,8,125,38,32.45,0.05,0,1,613
4091,321,8,8,118,37,25.99,0.05,1,0,613
4092,346,8,9,127,39,37.79,0.05,0,1,613
4093,368,9,9,121,42,32.17,0.05,0,1,613
4094,367,9,9,124,41,34.33,0.05,0,1,613
4095,378,9,9,125,44,30.87,0.05,0,1,613
4096,370,8,9,123,44,29.7,0.05,0,1,613
4097,340,9,9,130,39,37.6,0.05,0,1,613
4098,326,6,6,120,41,23.19,0.05,1,0,613
4099,387,9,9,113,45,25.53,0.05,0,1,613
4100,359,8,9,120,42,27.01,0.05,0,1,613
4101,365,8,9,118,42,30.55,0.05,0,1,613
4102,352,8,9,124,41,27.03,0.05,0,1,613
4103,341,8,9,122,40,27.14,0.05,0,1,613
4104,360,9,9,121,41,33.05,0.05,0,1,613
4105,383,9,9,133,44,30.62,0.05,0,1,613
4106,368,9,9,124,43,31.62,0.05,0,1,613
4107,371,8,9,116,42,28.24,0.05,0,1,613
4108,349,8,9,123,39,33.11,0.05,0,1,613
4109,13,0,0,7,2,-4.48,0.05,1,0,613
4110,374,8,9,130,42,33.81,0.05,0,1,613
4111,383,8,9,123,43,33.67,0.05,0,1,613
4112,357,8,9,121,42,29.43,0.05,0,1,613
4113,386,9,9,130,45,31.49,0.05,0,1,613
4114,384,8,9,124,43,34.16,0.05,0,1,613
4115,391,9,9,126,43,30.99,0.05,0,1,613
4116,329,8,9,119,39,30.36,0.05,0,1,613
4117,362,8,9,116,42,30.18,0.05,0,1,613
4118,363,8,9,124,41,35.67,0.05,0,1,613
4119,400,8,8,115,39,28.2,0.05,0,1,613
4120,400,7,7,125,49,25.75,0.05,0,1,613
4121,400,7,7,94,32,23.75,0.05,0,1,613
4122,400,8,8,119,47,24.5,0.05,0,1,613
4123,328,9,9,126,36,33.67,0.05,0,1,613
4124,400,6,6,80,26,13.8,0.05,0,1,613
4125,332,9,9,121,39,32.08,0.05,0,1,613
4126,353,9,9,117,41,29.32,0.05,0,1,613
4127,386,9,9,119,45,29.74,0.05,0,1,613
4128,321,8,9,131,38,33.59,0.05,0,1,613
4129,350,9,9,121,41,29.55,0.05,0,1,613
4130,400,5,5,108,35,22.7,0.05,0,1,613
4131,400,5,5,89,28,21.0,0.05,0,1,613
4132,400,6,6,118,37,27.5,0.05,0,1,613
4133,363,8,9,118,44,28.57,0.05,0,1,613
4134,361,9,9,126,41,34.79,0.05,0,1,613
4135,382,8,9,134,44,35.68,0.05,0,1,613
4136,400,4,4,84,28,17.25,0.05,0,1,613
4137,20,0,0,10,3,-4.35,0.05,1,0,613
4138,368,8,9,122,44,32.07,0.05,0,1,613
4139,386,9,9,119,42,33.79,0.05,0,1,613
4140,383,9,9,123,43,33.42,0.05,0,1,613
4141,364,8,9,130,41,33.51,0.05,0,1,613
4142,377,8,9,116,45,26.78,0.05,0,1,613
4143,42,0,0,21,6,-2.02,0.05,1,0,613
4144,400,4,4,67,20,14.35,0.05,0,1,613
4145,354,8,9,128,42,31.71,0.05,0,1,613
4146,349,8,9,117,41,25.71,0.05,0,1,613
4147,359,8,9,118,41,30.56,0.05,0,1,613
4148,352,8,9,117,41,30.38,0.05,0,1,613
4149,384,9,9,119,45,30.01,0.05,0,1,613
4150,346,8,9,118,40,30.14,0.05,0,1,613
4151,108,4,4,44,14,5.22,0.05,1,0,613
4152,396,8,9,126,47,30.29,0.05,0,1,613
4153,355,8,9,113,41,27.6,0.05,0,1,613
4154,379,8,9,130,44,31.41,0.05,0,1,613
4155,360,9,9,122,40,30.5,0.05,0,1,613
4156,349,9,9,130,41,32.56,0.05,0,1,613
4157,384,8,9,124,44,31.41,0.05,0,1,613
4158,391,8,9,119,46,26.79,0.05,0,1,613
4159,377,8,9,122,41,31.38,0.05,0,1,613
4160,340,9,9,129,40,36.35,0.05,0,1,613
4161,389,8,9,131,46,32.26,0.05,0,1,613
4162,382,9,9,123,44,28.88,0.05,0,1,613
4163,365,9,9,126,40,34.3,0.05,0,1,613
4164,109,3,3,44,14,3.46,0.05,1,0,613
4165,377,8,9,124,43,29.58,0.05,0,1,613
4166,341,8,9,126,39,33.79,0.05,0,1,613
4167,80,0,0,48,11,4.3,0.05,1,0,613
4168,62,1,1,29,8,1.88,0.05,1,0,613
4169,339,8,9,123,39,32.91,0.05,0,1,613
4170,371,9,9,125,40,34.44,0.05,0,1,613
4171,400,4,4,93,29,19.75,0.05,0,1,613
4172,386,9,9,120,45,27.34,0.05,0,1,613
4173,366,9,9,129,41,34.89,0.05,0,1,613
4174,359,9,9,117,44,25.06,0.05,0,1,613
4175,400,5,5,82,24,18.4,0.05,0,1,613
4176,376,8,9,117,44,30.69,0.05,0,1,613
4177,352,9,9,130,40,36.43,0.05,0,1,613
4178,383,8,9,116,43,29.82,0.05,0,1,613
4179,400,1,1,32,14,-3.05,0.05,0,1,613
4180,354,9,9,118,42,27.31,0.05,0,1,613
4181,363,9,9,131,42,34.32,0.05,0,1,613
4182,352,8,9,119,42,29.18,0.05,0,1,613
4183,391,8,9,120,43,35.74,0.05,0,1,613
4184,353,8,9,120,40,31.47,0.05,0,1,613
4185,95,2,2,44,12,5.5,0.05,1,0,613
4186,375,8,9,134,44,33.5,0.05,0,1,613
4187,352,9,9,118,41,29.88,0.05,0,1,613
4188,355,9,9,127,41,34.95,0.05,0,1,613
4189,354,8,9,118,40,26.91,0.05,0,1,613
4190,377,9,9,131,44,31.53,0.05,0,1,613
4191,370,9,9,117,43,28.55,0.05,0,1,613
4192,346,8,9,121,40,32.24,0.05,0,1,613
4193,346,9,9,129,42,31.19,0.05,0,1,613
4194,380,9,9,120,45,31.85,0.05,0,1,613
4195,353,8,9,125,40,33.07,0.05,0,1,613
4196,361,8,9,122,43,30.14,0.05,0,1,613
4197,400,2,2,62,20,8.95,0.05,0,1,613
4198,391,9,9,122,45,26.64,0.05,0,1,613
4199,400,2,2,54,15,8.3,0.05,0,1,613
4200,360,8,9,117,42,30.45,0.05,0,1,613
4201,27,0,0,14,4,-4.37,0.05,1,0,613
4202,400,8,8,124,37,31.05,0.05,0,1,613
4203,362,8,9,126,40,32.93,0.05,0,1,613
4204,336,9,9,114,38,32.44,0.05,0,1,613
4205,361,9,9,118,42,31.44,0.05,0,1,613
4206,60,0,0,34,8,1.0,0.05,1,0,613
4207,362,8,9,125,43,32.98,0.05,0,1,613
4208,400,9,9,126,47,31.35,0.05,0,1,613
4209,365,8,9,130,41,34.25,0.05,0,1,613
4210,377,9,9,123,42,31.13,0.05,0,1,613
4211,389,9,9,114,44,29.11,0.05,0,1,613
4212,400,8,8,131,40,30.9,0.05,0,1,613
4213,400,8,8,128,42,34.3,0.05,0,1,613
4214,42,0,0,21,6,-1.92,0.05,1,0,613
4215,400,9,9,122,44,35.25,0.05,0,1,613
4216,369,8,9,107,42,25.66,0.05,0,1,613
4217,356,9,9,129,43,26.49,0.05,0,1,613
4218,13,0,0,7,2,-5.03,0.05,1,0,613
4219,348,8,9,125,41,33.72,0.05,0,1,613
4220,80,0,0,48,11,4.5,0.05,1,0,613
4221,333,9,9,117,39,31.67,0.05,0,1,613
4222,49,0,0,21,7,-1.89,0.05,1,0,613
4223,366,8,9,118,41,33.04,0.05,0,1,613
4224,400,7,7,94,29,21.35,0.05,0,1,613
4225,366,9,9,117,42,28.14,0.05,0,1,613
4226,337,8,9,123,39,31.78,0.05,0,1,613
4227,366,9,9,117,41,29.69,0.05,0,1,613
4228,400,8,8,97,30,24.9,0.05,0,1,613
4229,366,8,9,126,42,31.39,0.05,0,1,613
4230,348,9,9,118,38,31.47,0.05,0,1,613
4231,352,9,9,120,39,35.53,0.05,0,1,613
4232,400,1,1,14,4,-1.2,0.05,0,1,613
4233,350,8,9,123,40,31.6,0.05,0,1,613
4234,379,9,9,127,44,36.61,0.05,0,1,613
4235,374,9,9,126,42,31.66,0.05,0,1,613
4236,372,9,9,114,43,28.33,0.05,0,1,613
4237,353,9,9,122,42,28.72,0.05,0,1,613
4238,366,9,9,126,43,33.29,0.05,0,1,613
4239,385,8,9,134,43,35.25,0.05,0,1,613
4240,400,0,0,37,11,-0.35,0.05,0,1,613
4241,400,7,7,117,46,27.3,0.05,0,1,613
4242,400,2,2,51,16,3.7,0.05,0,1,613
4243,358,8,9,119,42,32.72,0.05,0,1,613
4244,364,8,9,117,43,24.51,0.05,0,1,613
4245,346,8,9,124,39,31.84,0.05,0,1,613
4246,27,0,0,14,4,-3.82,0.05,1,0,613
4247,386,9,9,133,45,31.84,0.05,0,1,613
4248,370,9,9,129,43,35.0,0.05,0,1,613
4249,329,8,9,121,39,29.91,0.05,0,1,613
4250,377,8,9,133,42,37.03,0.05,0,1,613
4251,190,2,2,84,24,13.4,0.05,1,0,613
4252,400,5,5,114,35,28.35,0.05,0,1,613
4253,400,3,3,88,27,17.1,0.05,0,1,613
4254,400,6,6,113,36,25.8,0.05,0,1,613
4255,345,9,9,123,42,31.45,0.05,0,1,614
4256,360,8,9,128,44,27.0,0.05,0,1,614
4257,358,8,9,125,43,27.82,0.05,0,1,614
4258,366,9,9,116,43,28.04,0.05,0,1,614
4259,369,8,9,129,45,32.66,0.05,0,1,614
4260,357,9,9,120,41,25.93,0.05,0,1,614
4261,400,0,0,0,0,-5.0,0.05,0,1,614
4262,345,8,9,120,39,30.65,0.05,0,1,614
4263,367,8,9,124,43,29.63,0.05,0,1,614
4264,398,9,9,122,45,31.77,0.05,0,1,614
4265,344,9,9,118,40,29.01,0.05,0,1,614
4266,347,8,9,132,40,33.88,0.05,0,1,614
4267,400,0,0,38,12,0.7,0.05,0,1,614
4268,367,9,9,122,41,32.53,0.05,0,1,614
4269,364,9,9,123,41,30.96,0.05,0,1,614
4270,350,8,9,127,41,30.8,0.05,0,1,614
4271,355,8,9,113,42,27.65,0.05,0,1,614
4272,400,9,9,125,46,30.2,0.05,0,1,614
4273,391,9,9,128,44,31.49,0.05,0,1,614
4274,361,8,9,120,41,30.44,0.05,0,1,614
4275,371,9,9,121,44,30.29,0.05,0,1,614
4276,400,1,1,51,15,5.4,0.05,0,1,614
4277,343,9,9,122,42,26.72,0.05,1,0,614
4278,320,9,9,122,39,35.15,0.05,0,1,614
4279,394,9,9,123,47,27.36,0.05,0,1,614
4280,36,1,1,16,5,-1.56,0.05,1,0,614
4281,400,6,6,109,33,27.4,0.05,0,1,614
4282,360,9,9,117,41,31.2,0.05,0,1,614
4283,344,9,9,111,40,29.26,0.05,0,1,614
4284,374,8,9,123,43,32.16,0.05,0,1,614
4285,400,8,8,132,40,33.75,0.05,0,1,614
4286,327,8,9,125,39,35.23,0.05,0,1,614
4287,358,8,9,124,42,28.67,0.05,0,1,614
4288,355,9,9,136,43,38.0,0.05,0,1,614
4289,372,9,9,119,43,25.93,0.05,0,1,614
4290,400,8,8,118,42,28.0,0.05,0,1,615
4291,400,7,7,112,38,29.2,0.05,0,1,615
4292,392,9,9,130,44,35.03,0.05,0,1,615
4293,378,9,9,124,44,29.07,0.05,0,1,615
4294,326,9,9,114,38,29.99,0.05,0,1,615
4295,371,9,9,125,44,30.59,0.05,0,1,615
4296,363,9,9,121,40,33.42,0.05,0,1,615
4297,400,2,2,105,32,19.3,0.05,0,1,615
4298,385,9,9,128,43,36.45,0.05,0,1,615
4299,386,8,9,125,45,28.64,0.05,0,1,615
4300,335,8,9,113,40,25.8,0.05,0,1,615
4301,348,8,9,119,39,28.92,0.05,0,1,615
4302,365,9,9,124,42,28.5,0.05,0,1,615
4303,369,9,9,113,43,28.76,0.05,0,1,615
4304,380,9,9,120,45,28.25,0.05,0,1,615
4305,388,9,9,133,45,35.72,0.05,0,1,615
4306,376,8,9,125,44,31.34,0.05,0,1,615
4307,342,8,9,112,40,27.48,0.05,0,1,615
4308,374,8,9,123,40,31.56,0.05,0,1,615
4309,361,8,9,124,41,33.29,0.05,0,1,615
4310,308,8,9,118,37,33.17,0.05,0,1,615
4311,27,0,0,10,4,-4.97,0.05,1,0,615
4312,386,8,9,129,44,33.54,0.05,0,1,615
4313,352,8,9,121,40,33.53,0.05,0,1,615
4314,364,8,9,114,41,28.71,0.05,0,1,615
4315,373,8,9,127,43,31.82,0.05,0,1,615
4316,357,8,9,119,40,34.98,0.05,0,1,615
4317,389,9,9,127,47,32.56,0.05,0,1,615
4318,346,9,9,127,40,38.29,0.05,0,1,615
4319,355,9,9,119,41,30.9,0.05,0,1,615
4320,334,8,9,122,40,26.81,0.05,0,1,615
4321,369,9,9,118,41,31.56,0.05,0,1,615
4322,395,9,9,112,46,26.35,0.05,0,1,615
4323,366,8,9,122,39,34.39,0.05,0,1,615
4324,400,4,4,87,28,17.85,0.05,0,1,615
4325,358,9,9,132,42,29.62,0.05,0,1,615
4326,346,8,9,114,40,30.24,0.05,0,1,615
4327,373,8,9,121,44,29.92,0.05,0,1,615
4328,400,9,9,116,46,30.55,0.05,0,1,615
4329,373,8,9,129,43,29.47,0.05,0,1,615
4330,400,6,6,112,33,25.5,0.05,0,1,615
4331,27,1,1,11,4,-4.52,0.05,1,0,615
4332,365,8,9,127,42,33.55,0.05,0,1,615
4333,357,9,9,118,41,28.73,0.05,0,1,615
4334,341,8,9,118,40,29.64,0.05,0,1,615
4335,381,8,9,130,42,35.29,0.05,0,1,615
4336,115,1,1,54,15,6.4,0.05,1,0,615
4337,378,8,9,127,43,31.17,0.05,0,1,615
4338,341,8,9,122,40,30.89,0.05,0,1,615
4339,368,8,9,120,43,26.27,0.05,0,1,615
4340,346,9,9,108,41,26.74,0.05,0,1,615
4341,322,9,9,120,36,33.23,0.05,0,1,615
4342,340,9,9,116,40,28.2,0.05,0,1,615
4343,371,9,9,119,43,30.94,0.05,0,1,615
4344,378,9,9,118,43,33.57,0.05,0,1,615
4345,353,8,9,121,40,31.47,0.05,0,1,615
4346,374,8,9,123,43,34.31,0.05,0,1,615
4347,332,9,9,122,37,34.28,0.05,0,1,615
4348,400,0,0,5,2,-4.0,0.05,0,1,615
4349,380,8,9,119,43,31.5,0.05,0,1,615
4350,362,8,9,125,42,30.43,0.05,0,1,615
4351,379,9,9,122,44,30.71,0.05,0,1,615
4352,387,8,9,125,44,34.83,0.05,0,1,615
4353,329,8,9,120,38,32.71,0.05,0,1,615
4354,342,8,9,124,38,35.93,0.05,0,1,615
4355,356,8,9,128,41,31.19,0.05,0,1,615
4356,379,9,9,125,43,34.86,0.05,0,1,615
4357,382,8,9,133,45,32.33,0.05,0,1,615
4358,366,8,9,128,43,30.09,0.05,0,1,615
4359,370,9,9,116,42,30.25,0.05,0,1,615
4360,369,8,9,134,43,30.51,0.05,0,1,615
4361,400,1,1,37,13,0.5,0.05,0,1,615
4362,400,2,2,44,12,5.6,0.05,0,1,615
4363,400,1,1,58,18,7.2,0.05,0,1,615
4364,400,0,0,37,13,0.55,0.05,0,1,615
4365,376,9,9,127,42,36.89,0.05,0,1,615
4366,398,8,9,118,44,31.07,0.05,0,1,615
4367,376,9,9,119,40,35.04,0.05,0,1,615
4368,400,3,3,70,20,14.25,0.05,0,1,615
4369,350,8,9,127,41,31.9,0.05,0,1,615
4370,376,8,9,116,40,33.39,0.05,0,1,615
4371,363,9,9,120,42,29.72,0.05,0,1,615
4372,328,8,9,113,38,29.12,0.05,0,1,615
4373,369,9,9,131,44,33.51,0.05,0,1,615
4374,400,8,8,104,31,25.9,0.05,0,1,615
4375,354,8,9,120,38,31.11,0.05,0,1,615
4376,400,4,4,88,28,22.15,0.05,0,1,615
4377,340,9,9,122,39,35.1,0.05,0,1,615
4378,397,9,9,117,47,20.83,0.05,0,1,615
4379,377,8,9,130,45,29.78,0.05,0,1,615
4380,43,1,1,15,6,-2.68,0.05,1,0,615
4381,400,9,9,124,43,30.6,0.05,0,1,615
4382,341,8,9,118,41,23.79,0.05,0,1,615
4383,346,8,9,118,37,34.04,0.05,0,1,615
4384,355,9,9,121,42,28.95,0.05,0,1,615
4385,365,9,9,119,44,27.75,0.05,0,1,615
4386,375,9,9,125,41,32.6,0.05,0,1,615
4387,342,9,9,131,42,31.68,0.05,0,1,615
4388,400,6,6,113,36,28.4,0.05,0,1,615
4389,361,9,9,119,42,29.54,0.05,0,1,615
4390,332,9,9,126,39,33.33,0.05,0,1,615
4391,375,9,9,138,44,35.3,0.05,0,1,615
4392,356,9,9,126,41,32.54,0.05,0,1,615
4393,363,8,9,123,40,33.32,0.05,0,1,615
4394,366,9,9,113,43,29.94,0.05,0,1,615
4395,400,8,8,128,45,30.8,0.05,0,1,615
4396,370,9,9,132,42,29.2,0.05,0,1,615
4397,337,8,8,121,42,22.13,0.05,1,0,615
4398,400,9,9,123,46,30.4,0.05,0,1,615
4399,354,9,9,126,41,30.71,0.05,0,1,615
4400,367,9,9,124,42,34.58,0.05,0,1,615
4401,372,9,9,124,43,30.73,0.05,0,1,615
4402,341,8,9,133,39,36.19,0.05,0,1,615
4403,369,9,9,122,40,35.01,0.05,0,1,615
4404,362,8,9,117,43,28.63,0.05,0,1,615
4405,350,8,9,127,40,35.75,0.05,0,1,615
4406,387,8,9,127,43,31.93,0.05,0,1,615
4407,353,8,9,125,40,33.52,0.05,0,1,615
4408,369,9,9,116,42,28.61,0.05,0,1,615
4409,346,9,9,120,40,32.94,0.05,0,1,615
4410,202,7,7,86,25,17.93,0.05,1,0,615
4411,359,9,9,129,42,37.21,0.05,0,1,615
4412,349,8,9,125,43,28.81,0.05,0,1,615
4413,357,8,9,121,42,28.68,0.05,0,1,615
4414,391,9,9,119,42,30.84,0.05,0,1,615
4415,400,8,8,125,43,28.15,0.05,0,1,615
4416,400,8,8,120,44,28.2,0.05,0,1,615
4417,371,9,9,121,42,32.79,0.05,0,1,615
4418,393,8,9,120,43,30.77,0.05,0,1,615
4419,350,9,9,125,38,32.9,0.05,0,1,615
4420,349,8,9,122,40,30.51,0.05,0,1,615
4421,368,9,9,127,43,30.87,0.05,0,1,615
4422,368,8,9,127,42,34.67,0.05,0,1,615
4423,400,8,8,120,40,29.35,0.05,0,1,615
4424,329,8,9,113,38,27.11,0.05,0,1,615
4425,400,0,0,47,15,3.6,0.05,0,1,615
4426,27,1,1,9,4,-4.17,0.05,1,0,615
4427,400,9,9,132,45,33.85,0.05,0,1,615
4428,356,9,9,120,43,30.64,0.05,0,1,615
4429,351,8,9,112,41,28.44,0.05,0,1,615
4430,360,9,9,121,43,34.55,0.05,0,1,615
4431,391,8,9,126,47,27.89,0.05,0,1,615
4432,400,4,4,101,33,16.95,0.05,0,1,615
4433,386,8,9,132,46,28.04,0.05,0,1,615
4434,352,9,9,121,40,28.73,0.05,0,1,615
4435,371,8,9,124,44,29.64,0.05,0,1,615
4436,400,1,1,63,19,9.35,0.05,0,1,615
4437,400,5,5,73,22,16.0,0.05,0,1,615
4438,396,8,9,126,43,33.19,0.05,0,1,615
4439,400,4,4,61,19,12.8,0.05,0,1,615
4440,382,9,9,120,42,32.23,0.05,0,1,615
4441,374,8,9,125,43,28.21,0.05,0,1,615
4442,387,8,9,128,44,31.83,0.05,0,1,615
4443,368,8,9,114,41,28.22,0.05,0,1,615
4444,400,9,9,105,34,29.35,0.05,0,1,615
4445,379,8,9,121,46,25.56,0.05,0,1,615
4446,362,9,9,124,42,31.78,0.05,0,1,615
4447,375,9,9,117,43,29.25,0.05,0,1,615
4448,387,8,9,121,43,28.73,0.05,0,1,615
4449,378,8,9,121,42,32.92,0.05,0,1,615
4450,400,2,2,56,18,9.55,0.05,0,1,615
4451,400,5,5,108,34,22.9,0.05,0,1,615
4452,379,8,9,117,45,27.61,0.05,0,1,615
4453,333,8,9,122,39,32.22,0.05,0,1,615
4454,336,9,9,119,40,29.79,0.05,0,1,615
4455,379,9,9,122,43,31.96,0.05,0,1,615
4456,352,9,9,130,41,35.63,0.05,0,1,615
4457,376,8,9,128,44,34.19,0.05,0,1,615
4458,351,9,9,125,42,32.84,0.05,0,1,615
4459,350,9,9,127,41,35.7,0.05,0,1,615
4460,370,9,9,116,42,30.95,0.05,0,1,615
4461,364,8,9,120,41,32.91,0.05,0,1,615
4462,400,5,5,70,21,15.05,0.05,0,1,615
4463,386,8,9,128,44,31.54,0.05,0,1,615
4464,366,8,9,114,41,29.19,0.05,0,1,615
4465,400,7,7,117,36,29.35,0.05,0,1,615
4466,400,8,8,130,43,28.8,0.05,0,1,615
4467,392,8,9,118,41,33.38,0.05,0,1,615
4468,350,8,9,120,39,30.15,0.05,0,1,615
4469,342,8,9,125,41,32.83,0.05,0,1,615
4470,400,8,8,115,45,28.25,0.05,0,1,615
4471,400,0,0,0,0,-4.55,0.05,0,1,615
4472,352,9,9,123,41,27.43,0.05,0,1,615
4473,349,9,9,124,40,32.71,0.05,0,1,615
4474,400,2,2,63,17,8.4,0.05,0,1,615
4475,375,9,9,123,45,27.8,0.05,0,1,615
4476,382,9,9,131,41,37.63,0.05,0,1,615
4477,368,8,9,124,41,35.12,0.05,0,1,615
4478,383,8,9,127,45,32.17,0.05,0,1,615
4479,400,8,8,124,39,30.0,0.05,0,1,615
4480,370,9,9,120,42,29.45,0.05,0,1,615
4481,345,8,9,115,39,31.0,0.05,0,1,615
4482,13,0,0,7,2,-4.58,0.05,1,0,615
4483,400,8,8,129,41,35.45,0.05,0,1,615
4484,328,8,9,114,38,30.22,0.05,0,1,615
4485,366,8,9,118,43,26.99,0.05,0,1,615
4486,326,8,9,125,40,31.74,0.05,0,1,615
4487,302,8,9,119,34,33.83,0.05,0,1,615
4488,338,9,9,127,40,35.57,0.05,0,1,615
4489,400,5,5,98,33,15.4,0.05,0,1,615
4490,376,8,9,117,43,27.64,0.05,0,1,615
4491,334,9,9,119,40,26.56,0.05,0,1,615
4492,339,8,9,126,38,33.31,0.05,0,1,615
4493,337,9,9,129,39,34.63,0.05,0,1,615
4494,369,8,9,118,41,31.51,0.05,0,1,615
4495,299,7,7,114,38,23.76,0.05,1,0,615
4496,360,8,9,120,39,34.05,0.05,0,1,615
4497,351,9,9,125,41,29.79,0.05,0,1,615
4498,27,0,0,10,4,-4.02,0.05,1,0,615
4499,340,8,9,123,40,35.6,0.05,0,1,615
4500,331,9,9,127,39,30.39,0.05,0,1,615
4501,350,9,9,110,40,28.85,0.05,0,1,615
4502,369,9,9,120,41,31.21,0.05,0,1,615
4503,364,8,9,120,43,28.61,0.05,0,1,615
4504,363,8,9,124,40,35.77,0.05,0,1,615
4505,27,0,0,13,4,-4.02,0.05,1,0,615
4506,400,6,6,111,36,24.55,0.05,0,1,615
4507,365,8,9,128,42,30.85,0.05,0,1,615
4508,375,9,9,132,44,34.2,0.05,0,1,615
4509,368,9,9,113,41,26.27,0.05,0,1,615
4510,370,9,9,131,43,32.4,0.05,0,1,615
4511,349,8,9,121,40,29.36,0.05,0,1,615
4512,13,0,0,6,2,-4.98,0.05,1,0,615
4513,383,9,9,128,45,30.32,0.05,0,1,615
4514,372,8,9,117,43,29.48,0.05,0,1,615
4515,288,5,5,118,36,23.32,0.05,1,0,615
4516,373,8,9,121,42,30.82,0.05,0,1,615
4517,370,8,9,121,43,26.95,0.05,0,1,615
4518,400,4,4,91,30,15.9,0.05,0,1,615
4519,336,9,9,121,38,31.24,0.05,0,1,615
4520,400,1,1,24,10,-3.6,0.05,0,1,615
4521,378,8,9,126,44,36.37,0.05,0,1,615
4522,366,8,9,131,43,31.69,0.05,0,1,615
4523,13,0,0,7,2,-4.68,0.05,1,0,615
4524,370,8,9,132,42,36.8,0.05,0,1,615
4525,362,9,9,124,42,30.18,0.05,0,1,615
4526,390,8,9,128,43,35.2,0.05,0,1,615
4527,340,9,9,123,41,31.65,0.05,0,1,615
4528,354,8,9,115,40,27.21,0.05,0,1,615
4529,337,9,9,122,39,30.63,0.05,0,1,615
4530,370,8,9,132,44,32.75,0.05,0,1,615
4531,391,8,9,135,47,32.44,0.05,0,1,615
4532,13,0,0,7,2,-4.68,0.05,1,0,615
4533,394,9,9,128,44,29.16,0.05,0,1,615
4534,352,8,9,123,42,30.53,0.05,0,1,615
4535,126,4,4,48,16,4.09,0.05,1,0,615
4536,400,5,5,104,34,23.25,0.05,0,1,615
4537,340,8,9,123,42,31.3,0.05,0,1,615
4538,333,8,9,130,40,33.32,0.05,0,1,615
4539,400,2,2,50,17,3.3,0.05,0,1,615
4540,364,8,9,127,42,34.26,0.05,0,1,615
4541,358,8,9,125,43,31.47,0.05,0,1,615
4542,383,8,9,119,46,29.42,0.05,0,1,615
4543,362,8,9,115,39,32.58,0.05,0,1,615
4544,373,9,9,123,44,28.07,0.05,0,1,615
4545,400,5,5,129,39,30.6,0.05,0,1,615
4546,400,7,7,130,46,36.7,0.05,0,1,615
4547,142,2,2,52,18,3.63,0.05,1,0,615
4548,400,4,4,73,21,13.7,0.05,0,1,615
4549,354,9,9,120,41,29.46,0.05,0,1,615
4550,380,8,9,126,42,31.95,0.05,0,1,615
4551,382,8,9,125,42,34.03,0.05,0,1,615
4552,390,8,9,125,45,31.3,0.05,0,1,615
4553,396,8,9,118,46,27.99,0.05,0,1,615
4554,348,9,9,127,40,35.82,0.05,0,1,615
4555,27,0,0,10,4,-5.47,0.05,1,0,615
4556,400,5,5,104,30,21.35,0.05,0,1,615
4557,389,9,9,122,42,33.16,0.05,0,1,615
4558,381,9,9,131,42,35.24,0.05,0,1,615
4559,400,8,8,119,46,25.95,0.05,0,1,615
4560,387,9,9,125,45,30.83,0.05,0,1,615
4561,389,9,9,127,44,30.66,0.05,0,1,615
4562,337,9,9,120,40,29.03,0.05,0,1,615
4563,400,8,8,126,41,34.35,0.05,0,1,615
4564,387,8,9,134,43,34.98,0.05,0,1,615
4565,364,8,9,114,41,31.71,0.05,0,1,615
4566,400,7,7,110,35,27.25,0.05,0,1,615
4567,335,8,9,118,40,32.4,0.05,0,1,615
4568,353,8,9,119,40,30.82,0.05,0,1,615
4569,363,8,9,129,43,32.87,0.05,0,1,615
4570,71,1,1,36,10,-0.76,0.05,1,0,615
4571,362,8,9,126,42,32.33,0.05,0,1,615
4572,393,9,9,127,46,30.57,0.05,0,1,615
4573,360,8,9,119,41,30.8,0.05,0,1,615
4574,347,9,9,119,42,28.58,0.05,0,1,615
4575,350,8,9,121,39,34.85,0.05,0,1,615
4576,357,9,9,121,40,35.58,0.05,0,1,615
4577,349,9,9,118,39,31.36,0.05,0,1,615
4578,375,9,9,127,42,32.8,0.05,0,1,615
4579,342,9,9,127,40,33.18,0.05,0,1,615
4580,395,9,9,122,46,31.75,0.05,0,1,615
4581,351,8,9,123,40,33.79,0.05,0,1,615
4582,224,7,7,89,26,22.01,0.05,1,0,615
4583,386,8,9,125,43,28.99,0.05,0,1,615
4584,400,8,8,120,40,29.35,0.05,0,1,615
4585,400,1,1,15,4,-0.95,0.05,0,1,615
4586,341,8,9,119,41,28.29,0.05,0,1,615
4587,27,0,0,13,4,-3.22,0.05,1,0,615
4588,301,6,6,107,37,18.34,0.05,1,0,615
4589,358,9,9,117,41,30.07,0.05,0,1,615
4590,346,9,9,120,39,30.19,0.05,0,1,615
4591,365,8,9,133,43,31.25,0.05,0,1,615
4592,391,9,9,118,46,31.54,0.05,0,1,615
4593,368,9,9,115,42,28.77,0.05,0,1,615
4594,400,8,8,126,42,35.7,0.05,0,1,615
4595,400,7,7,93,31,20.45,0.05,0,1,615
4596,391,8,9,122,44,30.44,0.05,0,1,615
4597,380,8,9,127,43,34.2,0.05,0,1,615
4598,391,8,9,137,44,34.64,0.05,0,1,615
4599,349,8,9,116,38,29.46,0.05,0,1,615
4600,392,8,9,131,42,37.83,0.05,0,1,615
4601,400,0,0,0,0,-4.25,0.05,0,1,615
4602,373,9,9,131,43,32.97,0.05,0,1,615
4603,333,8,9,112,39,27.72,0.05,0,1,615
4604,383,9,9,120,42,33.67,0.05,0,1,615
4605,362,8,9,122,44,30.93,0.05,0,1,615
4606,400,1,1,34,11,1.45,0.05,0,1,615
4607,388,8,9,125,45,30.02,0.05,0,1,615
4608,390,8,9,117,43,29.35,0.05,0,1,615
4609,385,8,9,124,45,25.75,0.05,0,1,615
4610,13,0,0,4,2,-5.88,0.05,1,0,615
4611,335,9,9,127,40,35.15,0.05,0,1,615
4612,344,9,9,113,39,32.66,0.05,0,1,615
4613,353,9,9,122,39,34.02,0.05,0,1,615
4614,358,9,9,121,43,28.82,0.05,0,1,615
4615,13,0,0,6,2,-4.98,0.05,1,0,615
4616,353,9,9,115,42,28.22,0.05,0,1,615
4617,356,8,9,124,40,31.54,0.05,0,1,615
4618,400,1,1,42,15,2.65,0.05,0,1,615
4619,347,8,9,124,40,32.68,0.05,0,1,615
4620,400,4,4,71,22,14.05,0.05,0,1,615
4621,368,9,9,127,40,33.87,0.05,0,1,615
4622,361,8,9,125,40,33.69,0.05,0,1,615
4623,400,2,2,83,25,12.4,0.05,0,1,615
4624,328,8,9,130,38,36.62,0.05,0,1,615
4625,369,8,9,115,43,29.66,0.05,0,1,615
4626,220,2,2,92,28,12.65,0.05,1,0,615
4627,391,8,9,123,43,28.54,0.05,0,1,615
4628,400,2,2,56,16,8.6,0.05,0,1,615
4629,358,8,9,126,42,30.82,0.05,0,1,615
4630,371,8,9,122,42,31.44,0.05,0,1,615
4631,361,9,9,117,43,29.79,0.05,0,1,615
4632,393,8,9,123,47,26.02,0.05,0,1,615
4633,367,9,9,121,41,30.43,0.05,0,1,615
4634,365,9,9,113,42,31.05,0.05,0,1,615
4635,357,9,9,124,41,31.58,0.05,0,1,615
4636,400,4,4,73,21,15.4,0.05,0,1,615
4637,364,8,9,112,41,26.01,0.05,0,1,615
4638,354,9,9,122,41,31.96,0.05,0,1,615
4639,351,8,9,123,41,32.79,0.05,0,1,615
4640,400,6,6,88,28,19.8,0.05,0,1,615
4641,322,8,9,119,37,32.28,0.05,0,1,615
4642,400,4,4,116,32,25.75,0.05,0,1,615
4643,364,8,9,126,44,35.06,0.05,0,1,615
4644,400,7,7,117,37,32.2,0.05,0,1,615
4645,368,9,9,124,44,29.57,0.05,0,1,615
4646,387,9,9,123,45,32.23,0.05,0,1,615
4647,42,0,0,19,6,-2.62,0.05,1,0,615
4648,400,3,3,84,23,18.55,0.05,0,1,615
4649,344,9,9,118,39,30.91,0.05,0,1,615
4650,357,8,9,117,41,31.68,0.05,0,1,615
4651,400,8,8,114,39,27.65,0.05,0,1,615
4652,374,8,9,133,43,34.01,0.05,0,1,615
4653,400,1,1,29,10,-1.2,0.05,0,1,615
4654,327,8,9,128,37,34.63,0.05,0,1,615
4655,363,9,9,121,42,27.92,0.05,0,1,615
4656,357,8,9,116,40,27.98,0.05,0,1,615
4657,384,9,9,121,46,27.66,0.05,0,1,615
4658,351,9,9,133,44,33.24,0.05,0,1,615
4659,400,7,7,96,32,22.8,0.05,0,1,615
4660,400,2,2,71,22,12.75,0.05,0,1,615
4661,400,4,4,110,35,22.25,0.05,0,1,615
4662,400,0,0,39,12,3.6,0.05,0,1,615
4663,318,8,9,121,38,31.37,0.05,0,1,615
4664,400,3,3,45,13,6.4,0.05,0,1,615
4665,27,0,0,10,4,-5.07,0.05,1,0,615
4666,400,5,5,105,30,23.9,0.05,0,1,615
4667,370,8,9,126,42,32.7,0.05,0,1,615
4668,350,8,9,111,39,29.25,0.05,0,1,615
4669,400,4,4,91,28,17.95,0.05,0,1,615
4670,360,9,9,114,42,25.85,0.05,0,1,615
4671,377,8,9,116,44,25.18,0.05,0,1,615
4672,332,8,9,123,39,32.48,0.05,0,1,615
4673,388,8,9,129,45,30.52,0.05,0,1,615
4674,400,7,7,94,27,23.9,0.05,0,1,615
4675,386,9,9,133,45,32.39,0.05,0,1,615
4676,357,9,9,121,41,31.48,0.05,0,1,615
4677,354,9,9,125,40,31.31,0.05,0,1,615
4678,400,5,5,111,37,25.4,0.05,0,1,615
4679,363,9,9,125,43,30.37,0.05,0,1,615
4680,367,8,9,121,41,32.18,0.05,0,1,615
4681,400,9,9,124,46,31.15,0.05,0,1,615
4682,343,8,9,114,39,32.57,0.05,0,1,615
4683,376,9,9,117,41,32.69,0.05,0,1,615
4684,367,9,9,125,43,31.38,0.05,0,1,615
4685,27,0,0,9,4,-6.32,0.05,1,0,615
4686,400,6,6,126,48,26.55,0.05,0,1,615
4687,335,9,9,116,37,29.9,0.05,0,1,615
4688,340,9,9,111,39,25.6,0.05,0,1,615
4689,356,9,9,120,41,31.69,0.05,0,1,615
4690,338,9,9,124,41,28.52,0.05,0,1,615
4691,355,9,9,123,40,33.1,0.05,0,1,615
4692,400,8,8,129,41,31.7,0.05,0,1,615
4693,356,8,9,122,40,28.19,0.05,0,1,615
4694,364,9,9,125,43,32.41,0.05,0,1,615
4695,340,9,9,124,40,30.65,0.05,0,1,615
4696,400,3,3,68,19,10.85,0.05,0,1,615
4697,400,0,0,18,5,-0.4,0.05,0,1,615
4698,400,8,8,121,45,30.35,0.05,0,1,615
4699,313,7,7,113,39,22.52,0.05,1,0,615
4700,367,8,9,119,42,26.38,0.05,0,1,615
4701,354,8,9,120,41,28.36,0.05,0,1,615
4702,376,9,9,118,43,34.79,0.05,0,1,615
4703,400,1,1,38,12,3.0,0.05,0,1,615
4704,372,8,9,123,42,32.43,0.05,0,1,615
4705,369,9,9,120,43,29.21,0.05,0,1,615
4706,356,8,9,116,40,28.79,0.05,0,1,615
4707,383,9,9,127,44,35.07,0.05,0,1,615
4708,372,9,9,114,44,25.58,0.05,0,1,615
4709,380,9,9,129,43,29.45,0.05,0,1,615
4710,368,8,9,129,43,32.42,0.05,0,1,615
4711,352,9,9,110,39,29.23,0.05,0,1,615
4712,377,8,9,121,42,26.93,0.05,0,1,615
4713,319,6,6,123,40,23.36,0.05,1,0,615
4714,388,8,9,120,43,27.97,0.05,0,1,615
4715,383,8,9,126,44,33.37,0.05,0,1,615
4716,384,9,9,116,45,27.36,0.05,0,1,615
4717,400,9,9,117,47,28.1,0.05,0,1,615
4718,352,9,9,115,42,30.43,0.05,0,1,615
4719,400,6,6,99,32,25.25,0.05,0,1,615
4720,364,9,9,128,43,34.11,0.05,0,1,616
4721,400,7,7,84,25,21.55,0.05,0,1,616
4722,355,8,9,133,39,32.4,0.05,0,1,616
4723,347,8,9,127,40,32.83,0.05,0,1,616
4724,337,8,9,117,39,32.78,0.05,0,1,616
4725,351,9,9,126,40,32.14,0.05,0,1,616
4726,368,8,9,125,43,33.47,0.05,0,1,616
4727,362,9,9,115,41,28.48,0.05,0,1,616
4728,354,9,9,124,42,30.81,0.05,0,1,616
4729,364,9,9,130,41,33.96,0.05,0,1,616
4730,364,9,9,119,41,27.61,0.05,0,1,616
4731,366,9,9,123,40,32.29,0.05,0,1,616
4732,341,8,9,115,39,29.64,0.05,0,1,616
4733,400,9,9,122,46,27.25,0.05,0,1,616
4734,373,8,9,122,43,29.62,0.05,0,1,616
4735,378,9,9,127,43,31.82,0.05,0,1,616
4736,386,9,9,133,45,37.39,0.05,0,1,616
4737,378,9,9,130,45,29.47,0.05,0,1,616
4738,400,7,7,116,38,27.8,0.05,0,1,616
4739,344,8,9,128,40,33.76,0.05,0,1,616
4740,148,4,4,64,20,5.17,0.05,1,0,616
4741,387,8,9,122,44,28.93,0.05,0,1,616
4742,377,9,9,122,42,31.13,0.05,0,1,616
4743,334,8,9,119,40,28.91,0.05,0,1,616
4744,373,8,9,126,44,29.32,0.05,0,1,616
4745,356,9,9,126,42,31.34,0.05,0,1,616
4746,359,9,9,117,40,32.21,0.05,0,1,616
4747,346,8,9,121,39,32.09,0.05,0,1,616
4748,27,0,0,10,4,-4.77,0.05,1,0,616
4749,375,9,9,125,42,31.05,0.05,0,1,616
4750,372,8,9,132,43,36.13,0.05,0,1,616
4751,337,8,9,119,41,29.28,0.05,0,1,616
4752,350,8,9,130,38,37.05,0.05,0,1,616
4753,341,9,9,115,39,33.79,0.05,0,1,616
4754,391,9,9,127,42,33.74,0.05,0,1,616
4755,400,2,2,64,18,12.6,0.05,0,1,616
4756,382,8,9,130,46,28.18,0.05,0,1,616
4757,339,9,9,129,41,29.56,0.05,0,1,616
4758,312,9,9,122,36,31.78,0.05,0,1,616
4759,383,8,9,134,45,35.77,0.05,0,1,616
4760,398,8,9,125,47,26.92,0.05,0,1,616
4761,400,6,7,123,48,21.45,0.05,0,1,616
4762,400,2,2,66,19,10.75,0.05,0,1,616
4763,400,4,4,91,26,19.8,0.05,0,1,616
4764,400,9,9,123,45,30.9,0.05,0,1,616
4765,360,8,9,128,40,34.6,0.05,0,1,616
4766,376,9,9,120,41,32.19,0.05,0,1,616
4767,376,9,9,121,44,30.24,0.05,0,1,616
4768,400,1,1,14,4,-1.05,0.05,0,1,616
4769,368,9,9,122,43,29.67,0.05,0,1,616
4770,400,9,9,113,43,26.6,0.05,0,1,616
4771,379,9,9,129,43,34.01,0.05,0,1,616
4772,400,1,1,71,19,9.95,0.05,0,1,616
4773,42,0,0,20,6,-3.67,0.05,1,0,616
4774,400,8,8,118,41,27.3,0.05,0,1,616
4775,364,8,9,126,40,35.81,0.05,0,1,616
4776,400,8,8,130,42,35.5,0.05,0,1,616
4777,375,9,9,134,44,29.0,0.05,0,1,616
4778,350,8,9,121,40,32.65,0.05,0,1,616
4779,388,8,9,121,42,30.97,0.05,0,1,616
4780,360,9,9,118,40,31.45,0.05,0,1,616
4781,362,8,9,123,43,34.08,0.05,0,1,616
4782,400,0,0,16,6,-1.2,0.05,0,1,616
4783,363,8,9,117,39,36.02,0.05,0,1,616
4784,388,8,9,125,45,30.02,0.05,0,1,616
4785,356,9,9,114,39,29.29,0.05,0,1,616
4786,377,9,9,119,41,31.83,0.05,0,1,616
4787,364,9,9,115,40,32.16,0.05,0,1,616
4788,387,9,9,129,43,35.28,0.05,0,1,616
4789,376,8,9,124,43,29.04,0.05,0,1,616
4790,341,9,9,120,41,30.19,0.05,0,1,616
4791,400,8,8,130,44,34.5,0.05,0,1,616
4792,400,6,6,95,31,21.25,0.05,0,1,616
4793,400,3,3,46,15,6.75,0.05,0,1,616
4794,368,8,9,127,45,29.37,0.05,0,1,616
4795,345,9,9,124,39,33.0,0.05,0,1,616
4796,360,9,9,126,42,32.5,0.05,0,1,616
4797,383,9,9,131,44,29.07,0.05,0,1,618
4798,375,8,9,130,45,30.5,0.05,0,1,618
4799,362,8,9,113,39,25.43,0.05,0,1,618
4800,328,9,9,128,38,32.62,0.05,0,1,618
4801,42,0,0,20,6,-2.37,0.05,1,0,618
4802,27,0,0,7,4,-6.22,0.05,1,0,618
4803,400,8,8,116,44,30.85,0.05,0,1,618
4804,369,9,9,114,39,29.11,0.05,0,1,618
4805,400,2,2,45,13,4.2,0.05,0,1,618
4806,27,0,0,12,4,-4.52,0.05,1,0,618
4807,336,8,9,114,39,32.99,0.05,0,1,618
4808,338,8,9,126,38,32.97,0.05,0,1,618
4809,359,9,9,122,43,32.56,0.05,0,1,618
4810,391,8,9,121,42,31.59,0.05,0,1,618
4811,339,9,9,114,38,29.31,0.05,0,1,618
4812,349,9,9,120,42,29.31,0.05,0,1,618
4813,340,8,9,133,39,35.5,0.05,0,1,618
4814,383,9,9,123,42,30.82,0.05,0,1,618
4815,390,9,9,126,45,28.65,0.05,0,1,618
4816,317,9,9,115,37,32.78,0.05,0,1,618
4817,367,8,9,124,42,29.78,0.05,0,1,618
4818,326,8,9,130,39,36.24,0.05,0,1,618
4819,400,6,6,102,33,24.95,0.05,0,1,618
4820,352,9,9,123,39,35.58,0.05,0,1,618
4821,386,8,9,129,43,36.49,0.05,0,1,618
4822,400,8,8,128,46,30.45,0.05,0,1,618
4823,339,9,9,123,40,33.71,0.05,0,1,618
4824,355,8,9,116,40,29.75,0.05,0,1,618
4825,390,9,9,128,46,31.4,0.05,0,1,618
4826,392,9,9,125,44,32.88,0.05,0,1,618
4827,386,9,9,128,44,35.29,0.05,0,1,618
4828,373,9,9,124,42,31.27,0.05,0,1,618
4829,370,8,9,126,44,33.85,0.05,0,1,618
4830,27,0,0,10,4,-5.52,0.05,1,0,618
4831,371,8,9,124,43,31.59,0.05,0,1,618
4832,377,8,9,124,45,32.78,0.05,0,1,618
4833,371,9,9,122,41,34.64,0.05,0,1,618
4834,334,8,9,116,40,31.81,0.05,0,1,618
4835,27,0,0,10,4,-5.52,0.05,1,0,618
4836,400,9,9,125,45,35.4,0.05,0,1,618
4837,354,8,9,127,40,36.81,0.05,0,1,618
4838,390,9,9,124,45,28.45,0.05,0,1,618
4839,359,8,9,116,42,30.66,0.05,0,1,618
4840,383,9,9,127,44,33.32,0.05,0,1,618
4841,398,8,9,121,43,32.82,0.05,0,1,618
4842,400,7,7,121,40,25.7,0.05,0,1,618
4843,351,9,9,121,41,32.39,0.05,0,1,618
4844,391,8,9,132,47,31.99,0.05,0,1,618
4845,400,6,6,97,30,20.5,0.05,0,1,618
4846,400,1,1,79,27,11.1,0.05,0,1,618
4847,334,9,9,111,39,30.31,0.05,0,1,618
4848,400,8,8,132,47,29.55,0.05,0,1,618
4849,354,9,9,116,40,30.86,0.05,0,1,618
4850,374,9,9,129,44,31.31,0.05,0,1,618
4851,333,9,9,127,39,34.92,0.05,0,1,618
4852,368,9,9,114,44,27.77,0.05,0,1,618
4853,353,9,9,117,41,29.27,0.05,0,1,618
4854,363,8,9,126,41,33.12,0.05,0,1,618
4855,400,0,0,40,10,3.85,0.05,0,1,618
4856,400,0,0,46,15,2.5,0.05,0,1,618
4857,373,9,9,125,42,32.37,0.05,0,1,618
4858,352,9,9,120,39,35.98,0.05,0,1,618
4859,379,9,9,116,43,28.66,0.05,0,1,618
4860,360,9,9,121,43,29.3,0.05,0,1,618
4861,359,8,9,124,41,34.71,0.05,0,1,618
4862,20,0,0,10,3,-4.15,0.05,1,0,618
4863,339,9,9,126,40,32.66,0.05,0,1,618
4864,350,9,9,123,42,27.35,0.05,0,1,618
4865,399,9,9,132,47,31.56,0.05,0,1,618
4866,398,8,9,131,45,35.62,0.05,0,1,618
4867,400,9,9,126,47,28.05,0.05,0,1,618
4868,343,9,9,120,39,34.27,0.05,0,1,618
4869,353,8,9,125,41,35.37,0.05,0,1,618
4870,398,9,9,135,48,30.87,0.05,0,1,618
4871,396,9,9,120,45,29.29,0.05,0,1,618
4872,20,0,0,10,3,-4.7,0.05,1,0,618
4873,359,9,9,119,40,32.76,0.05,0,1,618
4874,368,9,9,123,42,32.17,0.05,0,1,618
4875,363,8,9,125,42,31.32,0.05,0,1,618
4876,385,8,9,126,43,29.45,0.05,0,1,618
4877,365,9,9,127,42,28.95,0.05,0,1,618
4878,373,8,9,123,43,30.07,0.05,0,1,618
4879,387,8,9,124,42,31.73,0.05,0,1,618
4880,28,0,0,9,4,-6.38,0.05,1,0,618
4881,366,9,9,124,42,31.09,0.05,0,1,618
4882,400,0,0,41,13,2.6,0.05,0,1,618
4883,351,9,9,125,38,33.49,0.05,0,1,618
4884,381,8,9,129,46,29.84,0.05,0,1,618
4885,362,9,9,123,43,28.43,0.05,0,1,618
4886,389,9,9,125,46,30.36,0.05,0,1,618
4887,387,8,9,116,42,27.88,0.05,0,1,618
4888,400,8,8,132,43,31.6,0.05,0,1,618
4889,342,8,9,122,41,31.48,0.05,0,1,618
4890,341,9,9,119,40,30.04,0.05,0,1,618
4891,386,8,9,132,46,32.04,0.05,0,1,618
4892,361,9,9,122,39,34.24,0.05,0,1,618
4893,386,9,9,130,46,31.69,0.05,0,1,618
4894,385,8,9,120,45,29.6,0.05,0,1,618
4895,338,8,9,119,38,35.07,0.05,0,1,618
4896,379,9,9,124,45,30.26,0.05,0,1,618
4897,400,8,8,122,46,28.5,0.05,0,1,618
4898,373,9,9,126,43,34.12,0.05,0,1,618
4899,368,9,9,127,43,31.37,0.05,0,1,618
4900,400,8,8,134,38,34.75,0.05,0,1,618
4901,356,9,9,117,40,29.69,0.05,0,1,618
4902,400,1,1,40,14,2.0,0.05,0,1,618
4903,386,8,9,123,45,30.89,0.05,0,1,618
4904,376,9,9,123,44,28.64,0.05,0,1,618
4905,367,8,9,117,43,24.48,0.05,0,1,618
4906,384,9,9,136,45,33.71,0.05,0,1,618
4907,400,9,9,115,46,24.65,0.05,0,1,618
4908,400,5,5,84,26,17.15,0.05,0,1,618
4909,373,9,9,121,43,31.22,0.05,0,1,618
4910,400,2,2,79,24,16.65,0.05,0,1,618
4911,400,9,9,118,45,32.8,0.05,0,1,618
4912,370,9,9,128,45,33.5,0.05,0,1,618
4913,352,9,9,119,41,29.08,0.05,0,1,618
4914,360,8,9,122,42,30.0,0.05,0,1,618
4915,400,5,5,109,31,25.45,0.05,0,1,618
4916,367,8,9,116,43,29.23,0.05,0,1,618
4917,378,9,9,120,44,31.37,0.05,0,1,618
4918,361,9,9,121,42,29.59,0.05,0,1,618
4919,391,8,9,127,47,31.84,0.05,0,1,618
4920,371,9,9,128,42,32.04,0.05,0,1,618
4921,371,9,9,119,41,34.29,0.05,0,1,618
4922,400,9,9,120,45,28.55,0.05,0,1,618
4923,338,8,9,116,38,31.47,0.05,0,1,618
4924,373,8,9,121,46,30.22,0.05,0,1,618
4925,374,9,9,118,42,29.96,0.05,0,1,618
4926,335,8,9,119,41,31.55,0.05,0,1,618
4927,358,9,9,114,40,30.52,0.05,0,1,618
4928,328,9,9,115,39,32.22,0.05,0,1,618
4929,331,9,9,130,39,31.19,0.05,0,1,618
4930,387,9,9,117,45,26.53,0.05,0,1,618
4931,400,4,4,81,25,17.5,0.05,0,1,618
4932,400,2,2,75,22,10.3,0.05,0,1,618
4933,328,9,9,117,38,26.17,0.05,1,0,619
4934,356,9,9,118,40,32.19,0.05,0,1,619
4935,345,9,9,127,40,34.2,0.05,0,1,619
4936,365,8,9,125,44,33.55,0.05,0,1,619
4937,341,9,9,111,41,28.09,0.05,0,1,619
4938,357,8,9,125,41,30.08,0.05,0,1,619
4939,400,8,8,119,42,29.05,0.05,0,1,619
4940,377,8,9,134,42,32.98,0.05,0,1,619
4941,400,9,9,125,40,34.8,0.05,0,1,619
4942,383,9,9,122,43,31.72,0.05,0,1,619
4943,400,8,8,123,44,31.8,0.05,0,1,619
4944,400,4,4,94,29,18.2,0.05,0,1,619
4945,366,8,9,126,43,31.44,0.05,0,1,619
4946,390,8,9,118,43,30.8,0.05,0,1,619
4947,383,9,9,125,46,29.42,0.05,0,1,619
4948,153,3,3,75,20,14.12,0.05,1,0,619
4949,377,8,9,119,44,25.43,0.05,0,1,619
4950,367,9,9,125,43,31.53,0.05,0,1,619
4951,375,8,9,121,42,33.75,0.05,0,1,619
4952,347,8,9,118,40,28.83,0.05,0,1,619
4953,20,0,0,9,3,-5.0,0.05,1,0,619
4954,340,8,9,119,40,28.0,0.05,0,1,619
4955,389,9,9,121,45,30.96,0.05,0,1,619
4956,355,8,9,126,41,31.3,0.05,0,1,619
4957,360,8,9,131,41,32.05,0.05,0,1,619
4958,393,8,9,125,46,30.82,0.05,0,1,619
4959,400,1,1,55,15,6.6,0.05,0,1,619
4960,318,8,9,124,38,32.87,0.05,0,1,619
4961,369,9,9,125,46,28.66,0.05,0,1,619
4962,335,9,9,122,37,35.45,0.05,0,1,619
4963,361,9,9,131,41,31.94,0.05,0,1,619
4964,338,8,9,124,39,31.02,0.05,0,1,619
4965,327,8,9,119,38,30.53,0.05,0,1,619
4966,333,8,9,126,38,33.52,0.05,0,1,619
4967,361,9,9,118,40,31.99,0.05,0,1,619
4968,352,8,9,124,42,33.23,0.05,0,1,619
4969,336,9,9,124,39,31.24,0.05,0,1,619
4970,362,8,9,125,42,30.83,0.05,0,1,619
4971,367,9,9,124,44,30.43,0.05,0,1,619
4972,378,8,9,128,41,34.27,0.05,0,1,619
4973,368,8,9,113,41,28.57,0.05,0,1,619
4974,350,8,9,126,41,31.75,0.05,0,1,619
4975,351,8,9,125,41,30.89,0.05,0,1,619
4976,400,9,9,130,47,28.25,0.05,0,1,619
4977,361,9,9,129,42,34.99,0.05,0,1,619
4978,374,8,9,119,42,33.16,0.05,0,1,619
4979,378,8,9,131,44,34.42,0.05,0,1,619
4980,339,9,9,121,41,28.41,0.05,0,1,619
4981,400,1,1,38,12,2.7,0.05,0,1,619
4982,377,9,9,122,43,28.53,0.05,0,1,619
4983,20,0,0,8,3,-5.45,0.05,1,0,619
4984,368,8,9,113,41,27.07,0.05,0,1,619
4985,370,8,9,116,42,31.95,0.05,0,1,619
4986,332,8,9,122,38,34.08,0.05,0,1,619
4987,375,9,9,130,42,34.45,0.05,0,1,619
4988,192,1,1,85,25,10.88,0.05,1,0,619
4989,346,9,9,118,39,31.84,0.05,0,1,619
4990,395,9,9,122,45,31.55,0.05,0,1,619
4991,362,8,9,122,41,31.48,0.05,0,1,619
4992,382,8,9,122,44,20.53,0.05,0,1,619
4993,365,9,9,121,42,30.1,0.05,0,1,619
4994,335,8,9,127,39,34.0,0.05,0,1,619
4995,342,9,9,131,40,35.78,0.05,0,1,619
4996,260,4,4,106,33,16.4,0.05,1,0,619
4997,351,9,9,116,40,29.79,0.05,0,1,619
4998,400,7,7,85,29,19.05,0.05,0,1,619
4999,377,8,9,124,43,31.73,0.05,0,1,619
5000,387,9,9,124,43,31.58,0.05,0,1,619
5001,394,8,9,118,45,27.16,0.05,0,1,619
5002,400,6,6,111,33,25.15,0.05,0,1,619
5003,400,8,8,132,48,31.2,0.05,0,1,619
5004,347,8,9,121,39,34.58,0.05,0,1,619
5005,369,9,9,119,41,34.01,0.05,0,1,619
5006,27,0,0,9,4,-5.72,0.05,1,0,619
5007,396,9,9,126,47,30.59,0.05,0,1,619
5008,380,9,9,131,45,33.5,0.05,0,1,619
5009,398,8,9,128,45,29.67,0.05,0,1,619
5010,369,9,9,122,42,29.41,0.05,0,1,619
5011,345,8,9,117,39,29.6,0.05,0,1,619
5012,380,9,9,123,45,30.8,0.05,0,1,619
5013,377,9,9,118,43,26.58,0.05,0,1,619
5014,360,8,9,119,42,25.1,0.05,0,1,619
5015,371,8,9,129,44,30.24,0.05,0,1,619
5016,381,9,9,113,44,25.59,0.05,0,1,619
5017,385,9,9,121,43,34.35,0.05,0,1,619
5018,377,9,9,121,43,28.78,0.05,0,1,619
5019,400,1,1,37,11,0.75,0.05,0,1,619
5020,392,9,9,130,44,36.58,0.05,0,1,619
5021,365,8,9,127,40,34.7,0.05,0,1,619
5022,334,8,9,117,38,34.31,0.05,0,1,619
5023,375,9,9,123,43,31.85,0.05,0,1,619
5024,323,8,9,119,38,33.42,0.05,0,1,619
5025,400,8,8,126,48,21.75,0.05,0,1,619
5026,400,7,7,110,38,24.55,0.05,0,1,619
5027,318,7,7,120,39,22.47,0.05,1,0,619
5028,382,9,9,130,42,33.98,0.05,0,1,619
5029,366,9,9,120,42,31.49,0.05,0,1,619
5030,337,8,9,126,40,33.58,0.05,0,1,619
5031,345,8,9,119,41,30.35,0.05,0,1,619
5032,400,7,7,129,41,31.3,0.05,0,1,619
5033,373,8,9,121,44,31.07,0.05,0,1,619
5034,341,9,9,120,41,30.99,0.05,0,1,619
5035,351,9,9,125,42,32.14,0.05,0,1,619
5036,389,9,9,127,44,32.06,0.05,0,1,619
5037,339,9,9,113,41,26.26,0.05,0,1,619
5038,348,8,9,122,40,31.67,0.05,0,1,619
5039,400,1,1,47,14,3.05,0.05,0,1,619
5040,342,9,9,126,40,30.73,0.05,0,1,619
5041,348,9,9,117,41,27.52,0.05,0,1,619
5042,356,9,9,123,42,28.09,0.05,0,1,619
5043,400,8,8,105,32,27.7,0.05,0,1,619
5044,337,9,9,118,40,29.48,0.05,0,1,619
5045,384,8,9,123,44,29.41,0.05,0,1,619
5046,381,8,9,126,45,32.04,0.05,0,1,619
5047,365,8,9,113,40,31.65,0.05,0,1,619
5048,366,9,9,121,43,33.24,0.05,0,1,619
5049,400,5,5,80,24,15.15,0.05,0,1,619
5050,400,9,9,126,40,32.3,0.05,0,1,619
5051,357,9,9,128,42,34.83,0.05,0,1,619
5052,381,9,9,139,44,35.89,0.05,0,1,619
5053,333,9,9,115,39,28.82,0.05,0,1,619
5054,390,9,9,133,45,30.55,0.05,0,1,619
5055,310,8,9,112,36,26.65,0.05,0,1,619
5056,355,9,9,131,42,35.25,0.05,0,1,619
5057,376,9,9,125,43,29.99,0.05,0,1,619
5058,359,8,9,135,42,31.16,0.05,0,1,619
5059,396,9,9,122,43,32.59,0.05,0,1,619
5060,400,8,8,109,39,25.8,0.05,0,1,619
5061,393,8,9,125,43,34.12,0.05,0,1,619
5062,400,2,2,57,14,9.45,0.05,0,1,619
5063,370,9,9,129,43,33.15,0.05,0,1,619
5064,376,9,9,126,44,32.29,0.05,0,1,619
5065,341,9,9,122,39,33.34,0.05,0,1,619
5066,318,9,9,129,40,29.77,0.05,0,1,619
5067,399,9,9,120,45,22.76,0.05,0,1,619
5068,367,8,9,120,42,31.73,0.05,0,1,619
5069,400,6,6,107,34,23.0,0.05,0,1,619
5070,373,8,9,124,43,31.07,0.05,0,1,619
5071,360,8,9,120,41,31.5,0.05,0,1,619
5072,400,8,8,122,38,33.95,0.05,0,1,619
5073,35,0,0,19,5,-2.8,0.05,1,0,619
5074,400,6,6,101,34,22.3,0.05,0,1,619
5075,390,8,9,126,45,29.3,0.05,0,1,619
5076,342,9,9,130,39,35.43,0.05,0,1,619
5077,389,8,9,135,46,29.21,0.05,0,1,619
5078,381,8,9,123,44,30.04,0.05,0,1,619
5079,335,9,9,124,39,32.2,0.05,0,1,619
5080,400,9,9,127,46,30.8,0.05,0,1,619
5081,400,4,4,89,32,15.8,0.05,0,1,619
5082,27,0,0,10,4,-6.37,0.05,1,0,619
5083,400,9,9,116,48,21.9,0.05,0,1,619
5084,364,9,9,116,43,31.36,0.05,0,1,619
5085,393,9,9,131,44,31.67,0.05,0,1,619
5086,371,8,9,122,44,28.34,0.05,0,1,619
5087,328,8,9,124,37,37.07,0.05,0,1,619
5088,400,8,8,120,46,27.1,0.05,0,1,619
5089,336,8,9,116,39,25.19,0.05,0,1,619
5090,393,9,9,120,43,30.77,0.05,0,1,619
5091,367,8,9,119,41,25.63,0.05,0,1,619
5092,372,8,9,124,41,32.23,0.05,0,1,619
5093,13,0,0,5,2,-5.08,0.05,1,0,619
5094,358,8,9,124,42,34.02,0.05,0,1,619
5095,343,9,9,127,42,35.12,0.05,0,1,619
5096,380,8,9,117,45,29.65,0.05,0,1,619
5097,362,8,9,125,43,31.98,0.05,0,1,619
5098,400,9,9,130,46,29.85,0.05,0,1,619
5099,14,0,0,8,2,-3.69,0.05,1,0,619
5100,384,9,9,118,44,29.21,0.05,0,1,619
5101,335,9,9,124,39,31.65,0.05,0,1,619
5102,380,9,9,117,42,28.35,0.05,0,1,619
5103,365,9,9,124,41,27.1,0.05,0,1,619
5104,372,9,9,128,44,31.03,0.05,0,1,619
5105,360,9,9,119,44,28.0,0.05,0,1,619
5106,376,9,9,133,44,35.39,0.05,0,1,619
5107,360,8,9,120,42,28.5,0.05,0,1,619
5108,362,8,9,119,39,30.13,0.05,0,1,619
5109,359,9,9,121,42,32.61,0.05,0,1,619
5110,374,8,9,126,43,26.86,0.05,0,1,619
5111,389,9,9,123,45,29.96,0.05,0,1,619
5112,361,8,9,125,42,29.99,0.05,0,1,619
5113,347,8,9,119,41,29.83,0.05,0,1,619
5114,350,8,9,126,41,30.0,0.05,0,1,619
5115,338,9,9,123,41,35.07,0.05,0,1,619
5116,400,7,7,119,38,31.1,0.05,0,1,619
5117,400,6,6,99,28,24.95,0.05,0,1,619
5118,374,8,9,129,42,38.26,0.05,0,1,619
5119,399,8,9,120,47,27.46,0.05,0,1,619
5120,352,9,9,132,42,37.13,0.05,0,1,619
5121,379,9,9,128,44,29.11,0.05,0,1,619
5122,379,9,9,135,43,37.16,0.05,0,1,619
5123,375,9,9,119,43,30.2,0.05,0,1,619
5124,378,9,9,116,42,32.52,0.05,0,1,619
5125,354,8,9,127,42,34.46,0.05,0,1,619
5126,373,9,9,120,43,26.37,0.05,0,1,619
5127,343,8,9,127,41,33.32,0.05,0,1,619
5128,369,9,9,126,44,31.31,0.05,0,1,619
5129,387,8,9,123,45,29.48,0.05,0,1,619
5130,360,9,9,132,43,32.5,0.05,0,1,619
5131,349,7,7,122,42,22.01,0.05,1,0,619
5132,375,9,9,116,42,31.15,0.05,0,1,619
5133,383,9,9,126,45,31.92,0.05,0,1,619
5134,350,8,9,118,39,28.9,0.05,0,1,619
5135,400,8,8,131,46,32.9,0.05,0,1,619
5136,400,9,9,125,45,31.35,0.05,0,1,619
5137,400,2,2,43,14,3.85,0.05,0,1,619
5138,376,8,9,115,42,29.09,0.05,0,1,619
5139,383,9,9,122,44,30.67,0.05,0,1,619
5140,357,9,9,131,41,37.13,0.05,0,1,619
5141,331,8,9,120,40,32.89,0.05,0,1,619
5142,400,8,8,133,48,28.55,0.05,0,1,619
5143,400,7,7,120,45,30.2,0.05,0,1,619
5144,400,1,1,41,13,2.85,0.05,0,1,619
5145,359,8,9,120,42,27.11,0.05,0,1,619
5146,359,8,9,124,41,30.41,0.05,0,1,619
5147,379,8,9,122,43,34.11,0.05,0,1,619
5148,376,9,9,119,45,25.69,0.05,0,1,619
5149,371,8,9,123,44,31.69,0.05,0,1,619
5150,366,9,9,135,42,32.49,0.05,0,1,619
5151,361,9,9,127,44,33.34,0.05,0,1,619
5152,355,8,9,120,42,30.3,0.05,0,1,619
5153,358,9,9,117,37,33.22,0.05,0,1,619
5154,371,9,9,126,43,32.04,0.05,0,1,619
5155,27,0,0,14,4,-4.37,0.05,1,0,619
5156,385,8,9,120,47,31.05,0.05,0,1,619
5157,381,9,9,116,43,26.59,0.05,0,1,619
5158,378,9,9,121,45,28.52,0.05,0,1,619
5159,364,9,9,122,40,30.71,0.05,0,1,619
5160,392,9,9,120,43,31.08,0.05,0,1,619
5161,347,9,9,131,42,34.43,0.05,0,1,619
5162,34,2,2,13,5,-3.39,0.05,1,0,619
5163,108,3,3,49,14,7.47,0.05,1,0,619
5164,388,8,9,124,45,27.07,0.05,0,1,619
5165,368,8,9,125,41,34.42,0.05,0,1,619
5166,392,8,9,128,45,29.83,0.05,0,1,619
5167,384,8,9,135,44,34.21,0.05,0,1,619
5168,355,9,9,126,40,32.45,0.05,0,1,619
5169,344,8,9,120,38,35.11,0.05,0,1,619
5170,400,9,9,119,33,33.9,0.05,0,1,619
5171,369,8,9,120,42,30.41,0.05,0,1,619
5172,400,0,0,11,4,-3.55,0.05,0,1,619
5173,400,7,7,110,36,28.1,0.05,0,1,619
5174,13,0,0,7,2,-4.68,0.05,1,0,619
5175,337,8,9,118,39,29.78,0.05,0,1,619
5176,400,4,4,83,25,16.5,0.05,0,1,619
5177,359,8,9,122,41,27.26,0.05,0,1,619
5178,349,8,9,117,40,30.21,0.05,0,1,619
5179,27,0,0,12,4,-3.32,0.05,1,0,619
5180,400,8,8,119,41,26.25,0.05,0,1,619
5181,371,8,9,123,41,32.24,0.05,0,1,619
5182,371,9,9,120,42,32.79,0.05,0,1,619
5183,356,8,9,120,41,32.44,0.05,0,1,619
5184,345,8,9,127,40,35.95,0.05,0,1,619
5185,353,9,9,127,41,31.52,0.05,0,1,619
5186,368,8,9,120,40,29.57,0.05,0,1,619
5187,371,9,9,137,44,33.89,0.05,0,1,619
5188,353,8,9,125,40,30.67,0.05,0,1,619
5189,400,1,1,54,16,5.75,0.05,0,1,619
5190,385,9,9,125,43,33.1,0.05,0,1,619
5191,373,9,9,127,43,34.07,0.05,0,1,619
5192,366,8,9,115,41,29.44,0.05,0,1,619
5193,375,8,9,131,42,37.25,0.05,0,1,619
5194,376,8,9,115,45,28.34,0.05,0,1,619
5195,400,9,9,120,45,30.75,0.05,0,1,619
5196,400,2,2,100,34,20.5,0.05,0,1,619
5197,365,9,9,123,44,29.45,0.05,0,1,619
5198,354,9,9,123,42,32.61,0.05,0,1,619
5199,389,8,9,121,45,28.61,0.05,0,1,619
5200,400,7,7,115,38,27.6,0.05,0,1,619
5201,360,9,9,126,41,34.45,0.05,0,1,619
5202,332,8,9,124,36,35.68,0.05,0,1,619
5203,356,8,9,124,39,31.34,0.05,0,1,619
5204,325,9,9,121,38,33.35,0.05,0,1,619
5205,314,8,9,119,34,34.11,0.05,0,1,619
5206,363,8,9,127,42,36.12,0.05,0,1,619
5207,329,8,9,112,38,30.81,0.05,0,1,619
5208,299,4,4,121,38,21.41,0.05,1,0,619
5209,321,8,9,117,39,31.34,0.05,0,1,619
5210,380,9,9,132,44,33.35,0.05,0,1,619
5211,359,8,9,111,42,27.81,0.05,0,1,619
5212,366,9,9,118,42,30.29,0.05,0,1,619
5213,376,9,9,118,43,29.59,0.05,0,1,619
5214,400,5,5,100,29,21.7,0.05,0,1,619
5215,348,9,9,118,42,31.67,0.05,0,1,619
5216,360,9,9,116,41,29.4,0.05,0,1,619
5217,399,9,9,131,46,32.06,0.05,0,1,619
5218,349,8,9,126,40,33.76,0.05,0,1,619
5219,400,8,8,118,48,27.1,0.05,0,1,619
5220,375,9,9,126,42,32.85,0.05,0,1,619
5221,360,8,9,121,42,30.85,0.05,0,1,619
5222,317,8,9,116,38,27.38,0.05,0,1,619
5223,400,6,6,96,29,21.55,0.05,0,1,619
5224,361,9,9,122,41,30.59,0.05,0,1,619
5225,336,8,9,121,40,30.89,0.05,0,1,619
5226,381,8,9,122,44,26.14,0.05,0,1,619
5227,400,8,8,130,45,33.05,0.05,0,1,619
5228,344,8,9,127,40,32.11,0.05,0,1,619
5229,400,8,8,118,40,25.25,0.05,0,1,619
5230,393,9,9,123,44,31.32,0.05,0,1,619
5231,374,9,9,131,45,29.21,0.05,0,1,619
5232,400,7,7,104,30,27.4,0.05,0,1,619
5233,356,8,9,116,41,31.29,0.05,0,1,619
5234,356,8,9,122,41,31.79,0.05,0,1,619
5235,393,8,9,126,43,31.47,0.05,0,1,619
5236,363,9,9,129,42,30.82,0.05,0,1,619
5237,372,9,9,123,44,31.03,0.05,0,1,619
5238,365,9,9,123,44,29.9,0.05,0,1,619
5239,386,9,9,121,45,28.69,0.05,0,1,619
5240,350,8,9,132,41,35.25,0.05,0,1,619
5241,360,8,9,125,41,33.5,0.05,0,1,619
5242,370,8,9,139,41,39.2,0.05,0,1,619
5243,272,4,4,119,36,20.78,0.05,1,0,619
5244,379,8,9,123,43,30.46,0.05,0,1,619
5245,369,9,9,118,42,32.01,0.05,0,1,619
5246,356,9,9,124,42,28.59,0.05,0,1,619
5247,346,8,9,125,39,32.99,0.05,0,1,619
5248,400,2,2,34,13,0.8,0.05,0,1,619
5249,364,9,9,125,42,31.66,0.05,0,1,619
5250,390,8,9,112,44,25.85,0.05,0,1,619
5251,376,9,9,128,42,33.84,0.05,0,1,619
5252,400,7,7,117,39,30.8,0.05,0,1,619
5253,378,8,9,123,41,32.72,0.05,0,1,619
5254,365,9,9,128,41,34.45,0.05,0,1,619
5255,366,8,9,124,41,31.44,0.05,0,1,619
5256,383,9,9,122,44,28.17,0.05,0,1,619
5257,360,9,9,117,42,25.8,0.05,0,1,619
5258,384,9,9,122,43,33.76,0.05,0,1,619
5259,381,9,9,130,45,29.09,0.05,0,1,619
5260,351,8,9,126,40,32.29,0.05,0,1,619
5261,378,9,9,125,45,22.22,0.05,1,0,619
5262,355,9,9,121,42,31.75,0.05,0,1,619
5263,396,9,9,129,47,32.54,0.05,0,1,619
5264,380,9,9,132,43,31.15,0.05,0,1,619
5265,27,0,0,11,4,-5.57,0.05,1,0,619
5266,369,8,9,126,40,35.96,0.05,0,1,619
5267,400,0,0,48,15,2.0,0.05,0,1,619
5268,356,9,9,112,41,26.94,0.05,0,1,619
5269,397,9,9,138,46,36.43,0.05,0,1,619
5270,344,8,9,114,39,29.66,0.05,0,1,619
5271,384,9,9,127,45,28.96,0.05,0,1,619
5272,400,7,7,103,35,25.6,0.05,0,1,619
5273,348,8,9,129,39,33.97,0.05,0,1,619
5274,359,9,9,122,43,29.86,0.05,0,1,619
5275,381,8,9,124,44,29.49,0.05,0,1,619
5276,334,8,9,121,40,31.16,0.05,0,1,619
5277,380,9,9,121,43,31.7,0.05,0,1,619
5278,400,5,5,104,32,22.25,0.05,0,1,619
5279,359,9,9,128,42,32.26,0.05,0,1,619
5280,395,9,9,111,44,28.55,0.05,0,1,619
5281,342,8,9,115,39,30.63,0.05,0,1,619
5282,95,1,1,44,13,2.9,0.05,1,0,619
5283,365,8,9,122,44,32.5,0.05,0,1,619
5284,367,9,9,120,42,33.63,0.05,0,1,619
5285,400,6,6,115,36,29.15,0.05,0,1,619
5286,397,8,9,125,46,30.58,0.05,0,1,619
5287,400,8,8,123,39,31.75,0.05,0,1,619
5288,367,9,9,126,42,32.93,0.05,0,1,619
5289,380,9,9,125,43,32.0,0.05,0,1,619
5290,377,9,9,132,42,35.53,0.05,0,1,619
5291,347,8,9,122,41,30.18,0.05,0,1,619
5292,400,6,6,86,27,21.1,0.05,0,1,619
5293,377,9,9,118,44,29.93,0.05,0,1,619
5294,356,8,9,127,40,33.64,0.05,0,1,619
5295,341,8,9,112,41,28.39,0.05,0,1,619
5296,400,5,5,111,36,22.8,0.05,0,1,619
5297,345,8,9,119,39,32.35,0.05,0,1,619
5298,338,8,9,124,41,32.27,0.05,0,1,619
5299,344,9,9,112,39,27.26,0.05,0,1,619
5300,385,8,9,122,43,32.4,0.05,0,1,619
5301,400,3,3,83,24,15.65,0.05,0,1,619
5302,359,8,9,126,41,36.06,0.05,0,1,619
5303,400,7,7,120,38,26.5,0.05,0,1,619
5304,400,4,4,49,13,9.3,0.05,0,1,619
5305,362,9,9,126,43,30.23,0.05,0,1,619
5306,340,8,9,116,42,30.95,0.05,0,1,619
5307,371,8,9,124,42,32.09,0.05,0,1,619
5308,375,8,9,123,43,32.9,0.05,0,1,619
5309,400,3,3,52,19,6.95,0.05,0,1,619
5310,388,9,9,117,46,27.62,0.05,0,1,619
5311,396,9,9,118,43,33.44,0.05,0,1,619
5312,13,0,0,8,2,-4.38,0.05,1,0,619
5313,400,8,8,115,34,31.05,0.05,0,1,619
5314,368,9,9,126,40,37.02,0.05,0,1,619
5315,312,8,9,117,39,31.28,0.05,0,1,619
5316,325,8,9,126,38,36.55,0.05,0,1,619
5317,366,8,9,125,42,31.14,0.05,0,1,619
5318,387,9,9,110,44,29.33,0.05,0,1,619
5319,346,8,9,126,39,35.14,0.05,0,1,619
5320,382,9,9,127,42,29.88,0.05,0,1,619
5321,374,9,9,130,44,31.11,0.05,0,1,619
5322,362,9,9,128,41,33.08,0.05,0,1,619
5323,366,8,9,119,43,28.04,0.05,0,1,619
5324,397,9,9,131,45,29.18,0.05,0,1,619
5325,375,9,9,128,44,33.35,0.05,0,1,619
5326,400,0,0,43,15,-2.1,0.05,0,1,619
5327,396,8,9,131,45,33.64,0.05,0,1,619
5328,352,8,9,122,43,28.68,0.05,0,1,619
5329,366,8,9,129,41,33.99,0.05,0,1,619
5330,394,8,9,123,44,29.71,0.05,0,1,619
5331,372,9,9,123,46,25.33,0.05,0,1,619
5332,361,8,9,123,43,28.99,0.05,0,1,619
5333,376,9,9,125,44,30.64,0.05,0,1,619
5334,356,9,9,131,42,35.34,0.05,0,1,619
5335,337,9,9,118,40,29.18,0.05,0,1,619
5336,352,8,9,114,41,26.58,0.05,0,1,619
5337,366,9,9,120,43,31.64,0.05,0,1,619
5338,363,9,9,122,40,34.07,0.05,0,1,619
5339,369,8,9,134,44,35.36,0.05,0,1,619
5340,350,9,9,122,43,27.8,0.05,0,1,619
5341,338,8,9,123,39,34.17,0.05,0,1,619
5342,351,9,9,134,39,36.09,0.05,0,1,619
5343,327,8,9,127,38,33.98,0.05,0,1,619
5344,367,9,9,133,43,31.08,0.05,0,1,619
5345,340,9,9,120,38,29.0,0.05,1,0,619
5346,363,9,9,121,43,30.72,0.05,0,1,619
5347,395,9,9,116,42,31.7,0.05,0,1,619
5348,369,8,8,114,45,20.01,0.05,1,0,619
5349,367,8,9,123,40,32.08,0.05,0,1,619
5350,344,8,9,122,39,32.41,0.05,0,1,619
5351,400,8,8,123,45,32.55,0.05,0,1,619
5352,400,8,8,122,42,26.45,0.05,0,1,619
5353,400,0,0,53,13,7.5,0.05,0,1,619
5354,390,8,9,129,47,31.1,0.05,0,1,619
5355,341,9,9,122,41,27.34,0.05,0,1,619
5356,375,9,9,124,43,25.3,0.05,0,1,619
5357,400,2,2,91,27,17.9,0.05,0,1,619
5358,376,8,9,129,44,28.69,0.05,0,1,619
5359,27,0,0,10,4,-5.87,0.05,1,0,619
5360,400,9,9,128,45,35.0,0.05,0,1,619
5361,362,8,9,128,41,31.38,0.05,0,1,619
5362,363,8,9,125,43,30.47,0.05,0,1,619
5363,375,8,9,118,44,27.95,0.05,0,1,619
5364,386,9,9,118,44,28.74,0.05,0,1,619
5365,366,8,9,117,39,34.24,0.05,0,1,619
5366,400,7,7,129,47,30.6,0.05,0,1,619
5367,366,9,9,124,43,27.89,0.05,0,1,619
5368,364,9,9,115,42,26.81,0.05,0,1,619
5369,394,8,9,125,45,31.51,0.05,0,1,619
5370,400,2,2,52,16,7.55,0.05,0,1,619
5371,373,8,9,122,43,32.77,0.05,0,1,619
5372,387,9,9,129,44,30.63,0.05,0,1,619
5373,372,8,9,124,43,33.53,0.05,0,1,620
5374,352,8,9,125,41,34.38,0.05,0,1,620
5375,373,9,9,124,43,33.42,0.05,0,1,620
5376,372,9,9,125,44,32.18,0.05,0,1,620
5377,368,9,9,132,42,32.32,0.05,0,1,620
5378,363,8,9,122,43,30.82,0.05,0,1,620
5379,396,8,9,131,46,31.94,0.05,0,1,620
5380,342,9,9,131,40,34.38,0.05,0,1,620
5381,400,1,1,55,16,5.8,0.05,0,1,620
5382,364,9,9,126,42,31.96,0.05,0,1,620
5383,357,9,9,126,44,31.58,0.05,0,1,620
5384,298,8,8,107,37,19.62,0.05,1,0,620
5385,342,9,9,125,41,30.03,0.05,0,1,620
5386,374,8,9,127,44,29.76,0.05,0,1,620
5387,370,9,9,120,42,29.75,0.05,0,1,620
5388,376,8,9,118,45,30.04,0.05,0,1,620
5389,394,9,9,132,46,30.21,0.05,0,1,620
5390,356,9,9,125,40,34.84,0.05,0,1,620
5391,369,8,9,120,44,29.66,0.05,0,1,620
5392,362,9,9,129,42,31.83,0.05,0,1,620
5393,382,8,9,118,43,30.08,0.05,0,1,620
5394,400,2,2,47,13,6.75,0.05,0,1,620
5395,350,9,9,129,41,35.4,0.05,0,1,620
5396,192,4,4,87,25,13.48,0.05,1,0,620
5397,386,9,9,126,42,33.64,0.05,0,1,620
5398,367,8,9,121,40,34.03,0.05,0,1,620
5399,400,7,7,107,37,24.55,0.05,0,1,620
5400,364,9,9,124,41,28.56,0.05,0,1,620
5401,27,0,0,9,4,-4.32,0.05,1,0,620
5402,373,8,9,132,42,31.07,0.05,0,1,621
5403,357,8,9,121,41,30.08,0.05,0,1,621
5404,315,9,9,111,35,31.5,0.05,0,1,621
5405,391,9,9,123,43,32.74,0.05,0,1,621
5406,390,9,9,123,43,33.85,0.05,0,1,621
5407,382,8,9,121,43,30.28,0.05,0,1,621
5408,359,8,9,112,44,26.31,0.05,0,1,621
5409,400,2,2,50,15,5.6,0.05,0,1,621
5410,365,9,9,124,41,31.05,0.05,0,1,621
5411,363,9,9,118,42,31.57,0.05,0,1,621
5412,400,4,4,97,33,23.0,0.05,0,1,621
5413,358,9,9,129,42,32.02,0.05,0,1,621
5414,337,8,9,121,37,33.98,0.05,0,1,621
5415,400,7,7,135,41,35.25,0.05,0,1,621
5416,338,9,9,136,39,37.92,0.05,0,1,621
5417,395,9,9,126,45,33.9,0.05,0,1,621
5418,382,9,9,124,46,26.68,0.05,0,1,621
5419,372,8,9,130,43,35.63,0.05,0,1,621
5420,381,8,9,123,43,29.79,0.05,0,1,621
5421,360,9,9,122,40,32.45,0.05,0,1,621
5422,400,5,5,99,30,20.65,0.05,0,1,621
5423,378,8,9,131,44,32.67,0.05,0,1,621
5424,360,9,9,126,42,29.75,0.05,0,1,621
5425,351,8,9,118,40,31.14,0.05,0,1,621
5426,27,0,0,12,4,-3.52,0.05,1,0,621
5427,333,8,9,117,39,27.47,0.05,0,1,621
5428,400,5,5,50,16,13.1,0.05,0,1,621
5429,386,8,9,130,43,32.14,0.05,0,1,621
5430,375,8,9,121,43,29.8,0.05,0,1,621
5431,355,9,9,125,41,31.8,0.05,0,1,621
5432,400,1,1,36,10,0.0,0.05,0,1,621
5433,354,9,9,130,40,32.51,0.05,0,1,621
5434,400,9,9,117,45,28.15,0.05,0,1,621
5435,400,4,4,97,29,24.75,0.05,0,1,621
5436,400,9,9,121,42,31.75,0.05,0,1,621
5437,329,9,9,120,39,30.76,0.05,0,1,621
5438,365,8,9,113,40,25.9,0.05,0,1,621
5439,373,9,9,123,44,29.62,0.05,0,1,621
5440,400,6,6,102,34,21.85,0.05,0,1,621
5441,339,9,9,120,39,31.66,0.05,0,1,621
5442,394,8,9,116,46,21.61,0.05,0,1,621
5443,375,8,9,127,42,34.9,0.05,0,1,621
5444,381,9,9,122,43,30.84,0.05,0,1,621
5445,357,8,9,120,43,23.73,0.05,0,1,621
5446,379,9,9,122,44,27.76,0.05,0,1,621
5447,400,8,8,121,45,25.4,0.05,0,1,621
5448,342,8,9,121,38,35.58,0.05,0,1,621
5449,339,8,9,129,41,33.31,0.05,0,1,621
5450,391,9,9,125,43,29.39,0.05,0,1,621
5451,353,9,9,125,42,33.62,0.05,0,1,621
5452,397,9,9,117,47,26.08,0.05,0,1,621
5453,374,9,9,126,43,33.71,0.05,0,1,621
5454,396,9,9,123,45,30.39,0.05,0,1,621
5455,370,8,9,118,44,29.0,0.05,0,1,621
5456,365,8,9,126,42,33.95,0.05,0,1,621
5457,370,8,9,132,45,33.35,0.05,0,1,621
5458,336,9,9,119,38,33.99,0.05,0,1,621
5459,375,9,9,129,43,34.8,0.05,0,1,621
5460,400,9,9,123,48,30.8,0.05,0,1,621
5461,387,9,9,123,43,29.03,0.05,0,1,621
5462,356,9,9,116,40,28.79,0.05,0,1,621
5463,400,1,1,61,15,9.45,0.05,0,1,621
5464,342,9,9,125,39,33.08,0.05,0,1,621
5465,348,9,9,125,41,33.82,0.05,0,1,621
5466,360,8,9,117,40,30.35,0.05,0,1,621
5467,260,5,5,107,34,16.85,0.05,1,0,621
5468,355,8,9,123,40,34.45,0.05,0,1,621
5469,376,9,9,123,43,28.69,0.05,0,1,621
5470,365,8,9,125,43,31.7,0.05,0,1,621
5471,397,8,9,120,46,28.13,0.05,0,1,621
5472,368,9,9,123,42,28.02,0.05,0,1,621
5473,353,8,9,118,38,32.87,0.05,0,1,621
5474,322,9,9,121,35,31.38,0.05,0,1,621
5475,390,8,9,133,44,30.7,0.05,0,1,621
5476,369,8,9,127,39,35.31,0.05,0,1,621
5477,360,9,9,121,42,30.1,0.05,0,1,621
5478,400,2,2,39,14,1.6,0.05,0,1,621
5479,376,9,9,120,40,30.04,0.05,0,1,621
5480,382,8,9,121,45,31.58,0.05,0,1,621
5481,362,8,9,119,42,30.83,0.05,0,1,621
5482,370,8,9,124,44,26.1,0.05,0,1,621
5483,373,9,9,130,42,33.42,0.05,0,1,621
5484,391,9,9,126,46,27.64,0.05,0,1,621
5485,360,9,9,131,40,34.75,0.05,0,1,621
5486,369,8,9,124,41,31.46,0.05,0,1,621
5487,13,0,0,8,2,-4.18,0.05,1,0,621
5488,367,9,9,118,42,31.03,0.05,0,1,621
5489,350,9,9,121,42,27.7,0.05,0,1,621
5490,383,8,9,126,44,33.82,0.05,0,1,621
5491,354,9,9,123,41,26.01,0.05,0,1,621
5492,356,8,9,131,41,34.84,0.05,0,1,621
5493,383,8,9,126,44,30.37,0.05,0,1,621
5494,120,2,2,55,16,4.85,0.05,1,0,621
5495,362,9,9,119,43,31.28,0.05,0,1,621
5496,365,8,9,131,44,33.15,0.05,0,1,621
5497,103,1,1,48,14,3.22,0.05,1,0,621
5498,370,9,9,120,42,29.15,0.05,0,1,621
5499,348,8,9,122,40,30.77,0.05,0,1,621
5500,366,8,9,119,43,28.24,0.05,0,1,621
5501,395,8,9,116,46,29.15,0.05,0,1,621
5502,400,1,1,14,4,-0.95,0.05,0,1,621
5503,346,8,9,117,41,28.99,0.05,0,1,621
5504,400,4,4,77,19,18.75,0.05,0,1,621
5505,369,9,9,114,44,26.41,0.05,0,1,621
5506,396,9,9,126,43,37.59,0.05,0,1,621
5507,377,9,9,122,43,30.83,0.05,0,1,621
5508,366,9,9,123,42,30.64,0.05,0,1,621
5509,381,9,9,116,44,27.19,0.05,0,1,621
5510,94,1,1,54,13,6.41,0.05,1,0,621
5511,400,6,6,127,38,31.75,0.05,0,1,621
5512,400,8,8,120,44,31.9,0.05,0,1,621
5513,354,8,9,120,41,33.86,0.05,0,1,621
5514,354,8,9,124,41,35.16,0.05,0,1,621
5515,350,9,9,114,37,29.35,0.05,0,1,621
5516,328,8,9,124,38,35.27,0.05,0,1,621
5517,369,9,9,122,43,31.46,0.05,0,1,621
5518,348,9,9,115,39,27.67,0.05,0,1,621
5519,346,8,9,120,39,28.09,0.05,0,1,621
5520,388,8,9,119,44,30.17,0.05,0,1,621
5521,382,9,9,124,42,30.63,0.05,0,1,621
5522,400,6,6,114,34,29.65,0.05,0,1,621
5523,356,9,9,117,40,31.44,0.05,0,1,621
5524,400,8,8,107,32,29.25,0.05,0,1,621
5525,378,8,9,122,44,27.52,0.05,0,1,621
5526,366,8,9,126,43,30.14,0.05,0,1,621
5527,342,9,9,119,40,29.43,0.05,0,1,621
5528,348,9,9,121,40,30.47,0.05,0,1,621
5529,371,9,9,128,43,31.29,0.05,0,1,621
5530,345,8,9,124,39,32.7,0.05,0,1,621
5531,370,9,9,111,40,31.2,0.05,0,1,621
5532,374,9,9,123,41,32.16,0.05,0,1,621
5533,117,3,3,49,15,7.93,0.05,1,0,621
5534,400,6,6,101,37,23.4,0.05,0,1,621
5535,400,9,9,112,37,31.3,0.05,0,1,621
5536,400,1,1,58,18,7.5,0.05,0,1,621
5537,351,8,9,127,41,31.64,0.05,0,1,621
5538,338,9,9,123,40,35.12,0.05,0,1,621
5539,383,9,9,138,46,33.42,0.05,0,1,621
5540,368,9,9,117,41,29.07,0.05,0,1,621
5541,383,9,9,126,44,29.57,0.05,0,1,621
5542,400,8,8,132,45,36.85,0.05,0,1,621
5543,344,8,9,120,41,34.06,0.05,0,1,621
5544,338,9,9,124,40,31.37,0.05,0,1,621
5545,400,4,4,98,29,21.45,0.05,0,1,621
5546,400,4,4,102,31,21.5,0.05,0,1,621
5547,62,2,2,30,8,1.88,0.05,1,0,621
5548,337,8,9,121,40,27.03,0.05,0,1,621
5549,373,9,9,114,42,28.57,0.05,0,1,621
5550,359,9,9,127,42,30.26,0.05,0,1,621
5551,375,8,9,119,42,30.9,0.05,0,1,621
5552,400,3,3,53,15,7.3,0.05,0,1,621
5553,400,9,9,93,27,20.85,0.05,0,1,621
5554,354,8,9,119,41,27.61,0.05,0,1,621
5555,358,8,9,119,42,25.27,0.05,0,1,621
5556,393,8,9,135,46,37.02,0.05,0,1,621
5557,345,8,9,125,39,33.5,0.05,0,1,621
5558,400,5,5,68,23,16.5,0.05,0,1,621
5559,363,9,9,121,43,29.97,0.05,0,1,621
5560,354,9,9,116,43,28.91,0.05,0,1,621
5561,372,9,9,122,44,30.93,0.05,0,1,621
5562,373,9,9,124,43,30.22,0.05,0,1,621
5563,366,9,9,125,41,29.84,0.05,0,1,621
5564,360,9,9,126,41,34.8,0.05,0,1,621
5565,387,9,9,130,43,36.68,0.05,0,1,621
5566,400,8,8,126,43,29.95,0.05,0,1,621
5567,378,9,9,121,44,29.77,0.05,0,1,621
5568,342,8,9,116,40,31.23,0.05,0,1,621
5569,400,1,1,47,13,6.3,0.05,0,1,621
5570,326,8,9,124,39,32.44,0.05,0,1,621
5571,336,8,9,112,39,30.99,0.05,0,1,621
5572,389,8,9,132,45,35.31,0.05,0,1,621
5573,400,9,9,132,44,36.7,0.05,0,1,621
5574,365,8,9,122,42,33.6,0.05,0,1,621
5575,347,9,9,110,40,27.08,0.05,0,1,621
5576,377,9,9,125,43,27.38,0.05,0,1,621
5577,378,9,9,112,41,27.97,0.05,0,1,621
5578,364,8,9,118,42,30.46,0.05,0,1,621
5579,331,8,9,121,39,30.24,0.05,0,1,621
5580,400,4,4,48,16,7.4,0.05,0,1,621
5581,384,9,9,121,43,29.66,0.05,0,1,621
5582,379,8,9,123,43,29.46,0.05,0,1,621
5583,348,8,9,130,41,31.92,0.05,0,1,621
5584,345,9,9,132,42,33.85,0.05,0,1,621
5585,341,9,9,133,39,30.74,0.05,0,1,621
5586,369,9,9,130,41,36.36,0.05,0,1,621
5587,392,9,9,128,43,30.93,0.05,0,1,621
5588,366,9,9,123,40,32.64,0.05,0,1,621
5589,396,9,9,129,46,33.14,0.05,0,1,621
5590,400,3,3,82,25,16.15,0.05,0,1,621
5591,371,9,9,113,43,23.74,0.05,0,1,621
5592,380,9,9,126,45,30.4,0.05,0,1,621
5593,400,8,8,121,40,32.85,0.05,0,1,621
5594,342,8,9,127,39,30.08,0.05,0,1,621
5595,391,8,9,124,43,33.04,0.05,0,1,621
5596,327,9,9,127,37,36.63,0.05,0,1,621
5597,393,9,9,117,43,30.47,0.05,0,1,621
5598,400,1,1,55,16,4.85,0.05,0,1,621
5599,351,9,9,119,38,34.04,0.05,0,1,621
5600,358,9,9,124,42,33.47,0.05,0,1,621
5601,400,9,9,116,44,31.05,0.05,0,1,621
5602,20,0,0,10,3,-4.25,0.05,1,0,621
5603,342,8,9,117,41,30.18,0.05,0,1,621
5604,367,9,9,128,41,33.68,0.05,0,1,621
5605,385,8,9,119,45,29.0,0.05,0,1,621
5606,333,8,9,123,41,32.52,0.05,0,1,621
5607,343,8,9,113,39,25.12,0.05,0,1,621
5608,329,8,9,125,38,33.51,0.05,0,1,621
5609,400,7,7,127,41,32.8,0.05,0,1,621
5610,361,9,9,112,42,24.94,0.05,0,1,621
5611,352,9,9,123,39,32.18,0.05,0,1,621
5612,373,9,9,130,41,34.62,0.05,0,1,621
5613,350,9,9,117,40,30.1,0.05,0,1,621
5614,13,0,0,8,2,-4.38,0.05,1,0,621
5615,354,8,9,124,40,32.71,0.05,0,1,621
5616,340,9,9,115,38,32.25,0.05,0,1,621
5617,365,8,9,123,40,32.25,0.05,0,1,621
5618,393,9,9,125,43,35.77,0.05,0,1,621
5619,352,9,9,125,40,29.58,0.05,0,1,621
5620,382,8,9,130,43,33.18,0.05,0,1,621
5621,390,9,9,124,45,29.5,0.05,0,1,621
5622,390,8,9,119,47,28.45,0.05,0,1,621
5623,400,8,8,125,41,31.15,0.05,0,1,621
5624,375,9,9,116,44,32.35,0.05,0,1,621
5625,370,8,9,128,43,31.8,0.05,0,1,621
5626,391,8,9,119,44,27.89,0.05,0,1,621
5627,357,9,9,127,42,31.63,0.05,0,1,621
5628,393,8,9,121,45,28.77,0.05,0,1,621
5629,344,8,9,116,42,26.11,0.05,0,1,621
5630,400,8,8,138,43,40.95,0.05,0,1,621
5631,27,0,0,16,4,-3.12,0.05,1,0,621
5632,366,9,9,122,42,29.49,0.05,0,1,621
5633,400,4,4,95,31,16.5,0.05,0,1,621
5634,381,9,9,128,42,37.49,0.05,0,1,621
5635,400,0,0,34,12,-5.0,0.05,0,1,621
5636,369,9,9,125,44,29.76,0.05,0,1,621
5637,390,8,9,121,42,33.55,0.05,0,1,621
5638,20,0,0,7,3,-5.2,0.05,1,0,621
5639,359,9,9,122,43,32.76,0.05,0,1,621
5640,400,5,5,105,29,23.2,0.05,0,1,621
5641,370,9,9,128,41,35.3,0.05,0,1,621
5642,361,8,9,125,41,33.44,0.05,0,1,621
5643,378,9,9,118,42,29.17,0.05,0,1,621
5644,353,9,9,130,39,36.82,0.05,0,1,621
5645,356,8,9,133,41,37.84,0.05,0,1,621
5646,359,9,9,121,40,29.36,0.05,0,1,621
5647,338,9,9,128,40,34.87,0.05,0,1,621
5648,379,9,9,118,44,30.21,0.05,0,1,621
5649,381,9,9,128,45,32.74,0.05,0,1,621
5650,400,8,8,119,42,28.3,0.05,0,1,621
5651,353,8,9,124,44,28.17,0.05,0,1,621
5652,393,9,9,122,43,32.47,0.05,0,1,621
5653,400,8,8,123,47,27.75,0.05,0,1,621
5654,320,9,9,123,38,29.2,0.05,0,1,621
5655,359,9,9,117,41,28.66,0.05,0,1,621
5656,20,0,0,10,3,-4.4,0.05,1,0,621
5657,360,8,9,121,42,29.1,0.05,0,1,621
5658,367,8,9,116,42,29.88,0.05,0,1,621
5659,355,8,9,127,41,34.25,0.05,0,1,621
5660,380,8,9,121,43,29.4,0.05,0,1,621
5661,332,9,9,126,40,26.33,0.05,1,0,621
5662,400,3,3,101,31,18.95,0.05,0,1,621
5663,348,8,9,112,41,26.22,0.05,0,1,621
5664,375,9,9,121,42,31.8,0.05,0,1,621
5665,133,0,0,48,17,2.87,0.05,1,0,621
5666,309,9,9,116,37,24.31,0.05,1,0,621
5667,359,9,9,124,43,32.86,0.05,0,1,621
5668,375,9,9,137,43,36.45,0.05,0,1,621
5669,363,9,9,129,42,32.42,0.05,0,1,621
5670,400,9,9,112,38,27.95,0.05,0,1,621
5671,368,9,9,124,42,33.02,0.05,0,1,621
5672,336,8,9,118,39,32.54,0.05,0,1,621
5673,400,5,5,89,31,17.85,0.05,0,1,621
5674,395,8,9,126,43,32.85,0.05,0,1,621
5675,354,9,9,125,41,34.36,0.05,0,1,621
5676,320,9,9,129,36,36.3,0.05,0,1,621
5677,351,8,9,123,40,32.59,0.05,0,1,621
5678,400,6,6,102,35,16.5,0.05,0,1,621
5679,340,9,9,127,40,28.3,0.05,0,1,621
5680,367,9,9,130,40,34.73,0.05,0,1,621
5681,375,9,9,124,43,33.45,0.05,0,1,621
5682,322,9,9,121,38,30.98,0.05,0,1,621
5683,371,9,9,118,42,27.59,0.05,0,1,621
5684,377,8,9,114,43,29.43,0.05,0,1,621
5685,383,9,9,124,42,30.42,0.05,0,1,621
5686,375,9,9,124,44,30.7,0.05,0,1,621
5687,400,8,9,139,46,35.8,0.05,0,1,621
5688,400,8,8,129,45,33.55,0.05,0,1,621
5689,369,9,9,127,42,33.31,0.05,0,1,621
5690,372,9,9,119,40,32.23,0.05,0,1,621
5691,346,9,9,121,38,34.39,0.05,0,1,621
5692,379,9,9,120,45,28.41,0.05,0,1,621
5693,359,8,9,120,43,29.31,0.05,0,1,621
5694,400,9,9,121,44,30.45,0.05,0,1,621
5695,367,9,9,123,43,32.93,0.05,0,1,621
5696,359,9,9,112,42,30.71,0.05,0,1,621
5697,368,9,9,125,44,29.82,0.05,0,1,621
5698,365,9,9,123,41,32.95,0.05,0,1,621
5699,371,8,9,124,41,31.04,0.05,0,1,621
5700,350,8,9,126,40,33.1,0.05,0,1,621
5701,363,9,9,137,43,33.52,0.05,0,1,621
5702,400,5,5,73,24,16.0,0.05,0,1,621
5703,325,8,9,124,38,33.45,0.05,0,1,621
5704,330,9,9,122,39,30.3,0.05,0,1,621
5705,378,8,9,123,40,34.87,0.05,0,1,621
5706,400,8,8,125,44,30.6,0.05,0,1,621
5707,362,9,9,125,42,31.38,0.05,0,1,621
5708,400,7,7,120,42,29.3,0.05,0,1,621
5709,337,8,9,119,40,28.93,0.05,0,1,621
5710,400,2,2,43,14,1.0,0.05,0,1,621
5711,346,8,9,130,40,34.39,0.05,0,1,621
5712,346,9,9,115,40,29.89,0.05,0,1,621
5713,316,9,9,120,39,28.44,0.05,0,1,621
5714,395,9,9,122,45,29.75,0.05,0,1,621
5715,374,9,9,131,43,32.46,0.05,0,1,621
5716,384,9,9,128,42,33.71,0.05,0,1,621
5717,354,8,9,127,42,34.06,0.05,0,1,621
5718,321,9,9,128,39,34.64,0.05,0,1,621
5719,339,9,9,121,41,32.16,0.05,0,1,621
5720,323,9,9,127,37,33.47,0.05,0,1,621
5721,400,9,9,127,47,27.55,0.05,0,1,621
5722,367,9,9,125,44,31.18,0.05,0,1,621
5723,377,9,9,123,45,31.73,0.05,0,1,621
5724,373,8,9,118,44,27.37,0.05,0,1,621
5725,400,7,7,119,37,27.35,0.05,0,1,621
5726,400,1,1,39,12,3.8,0.05,0,1,621
5727,372,8,9,124,42,31.18,0.05,0,1,621
5728,341,9,9,120,39,32.14,0.05,0,1,621
5729,370,8,9,118,44,28.7,0.05,0,1,621
5730,368,9,9,125,43,31.47,0.05,0,1,621
5731,354,8,9,113,42,29.56,0.05,0,1,621
5732,380,9,9,113,43,26.85,0.05,0,1,621
5733,389,9,9,141,47,33.21,0.05,0,1,621
5734,359,8,9,127,40,36.66,0.05,0,1,621
5735,92,0,0,33,12,-1.52,0.05,1,0,621
5736,357,8,9,117,39,33.93,0.05,0,1,621
5737,400,8,8,121,42,27.95,0.05,0,1,621
5738,367,8,9,122,44,28.33,0.05,0,1,621
5739,392,9,9,129,46,32.53,0.05,0,1,621
5740,394,9,9,125,45,33.21,0.05,0,1,621
5741,358,8,9,124,42,31.47,0.05,0,1,621
5742,364,9,9,127,44,29.86,0.05,0,1,621
5743,358,9,9,125,41,32.42,0.05,0,1,621
5744,400,9,9,136,46,31.65,0.05,0,1,621
5745,348,9,9,118,39,33.02,0.05,0,1,621
5746,393,8,9,127,44,26.72,0.05,0,1,621
5747,379,9,9,128,46,25.56,0.05,0,1,621
5748,362,8,9,125,42,29.33,0.05,0,1,621
5749,382,9,9,125,45,29.18,0.05,0,1,621
5750,374,8,9,122,42,27.66,0.05,0,1,621
5751,347,8,9,121,38,31.33,0.05,0,1,621
5752,367,8,9,120,43,33.43,0.05,0,1,621
5753,361,9,9,118,43,28.94,0.05,0,1,621
5754,362,8,9,126,43,29.13,0.05,0,1,621
5755,378,8,9,117,44,22.87,0.05,0,1,621
5756,364,8,9,126,42,29.61,0.05,0,1,621
5757,367,9,9,111,39,31.08,0.05,0,1,621
5758,13,0,0,8,2,-4.38,0.05,1,0,621
5759,349,8,9,122,40,28.96,0.05,0,1,621
5760,348,9,9,129,42,29.67,0.05,0,1,621
5761,367,8,9,128,43,30.93,0.05,0,1,621
5762,351,8,9,128,42,25.79,0.05,0,1,621
5763,361,8,9,125,42,34.64,0.05,0,1,621
5764,385,8,9,117,44,23.65,0.05,0,1,621
5765,400,9,9,110,37,25.75,0.05,0,1,621
5766,312,9,9,113,37,31.43,0.05,0,1,621
5767,346,8,9,124,42,30.54,0.05,0,1,621
5768,331,9,9,123,39,31.14,0.05,0,1,621
5769,356,9,9,121,42,32.59,0.05,0,1,621
5770,400,0,0,0,0,-4.65,0.05,0,1,621
5771,378,9,9,128,43,33.42,0.05,0,1,621
5772,381,8,9,119,42,32.49,0.05,0,1,621
5773,352,8,9,128,41,32.18,0.05,0,1,621
5774,364,9,9,125,42,32.31,0.05,0,1,621
5775,345,8,9,119,41,31.65,0.05,0,1,621
5776,362,8,9,120,42,28.83,0.05,0,1,621
5777,400,9,9,123,46,31.4,0.05,0,1,621
5778,387,9,9,121,45,25.08,0.05,0,1,621
5779,340,8,9,111,37,30.9,0.05,0,1,621
5780,354,8,9,128,42,33.56,0.05,0,1,621
5781,377,9,9,115,43,28.63,0.05,0,1,621
5782,360,8,9,121,40,30.5,0.05,0,1,621
5783,328,8,9,116,39,32.12,0.05,0,1,621
5784,387,9,9,119,42,28.13,0.05,0,1,621
5785,385,8,9,118,45,25.7,0.05,0,1,621
5786,359,9,9,123,42,28.86,0.05,0,1,621
5787,400,4,4,75,22,14.35,0.05,0,1,621
5788,386,9,9,131,44,33.44,0.05,0,1,621
5789,365,9,9,127,43,29.5,0.05,0,1,621
5790,27,0,0,12,4,-3.32,0.05,1,0,621
5791,349,9,9,129,38,35.61,0.05,0,1,621
5792,378,9,9,123,42,32.32,0.05,0,1,621
5793,351,8,9,126,39,32.14,0.05,0,1,621
5794,363,9,9,135,41,38.57,0.05,0,1,621
5795,368,9,9,123,40,29.92,0.05,0,1,621
5796,345,9,9,113,38,27.3,0.05,0,1,621
5797,383,8,9,117,44,26.32,0.05,0,1,621
5798,372,8,9,124,40,34.58,0.05,0,1,621
5799,338,8,9,126,37,37.17,0.05,0,1,621
5800,27,0,0,7,4,-6.42,0.05,1,0,621
5801,400,5,5,106,34,20.65,0.05,0,1,621
5802,350,9,9,122,37,34.65,0.05,0,1,621
5803,325,8,9,119,38,33.8,0.05,0,1,621
5804,343,9,9,119,39,32.22,0.05,0,1,621
5805,371,9,9,124,44,32.79,0.05,0,1,621
5806,400,0,0,34,10,-2.3,0.05,0,1,621
5807,363,9,9,122,44,26.42,0.05,0,1,621
5808,376,8,9,127,42,33.64,0.05,0,1,621
5809,323,9,9,118,38,30.42,0.05,0,1,621
5810,400,4,4,82,27,12.05,0.05,0,1,621
5811,43,0,0,26,6,-0.03,0.05,1,0,621
5812,339,8,9,118,39,33.81,0.05,0,1,621
5813,372,9,9,116,39,31.83,0.05,0,1,621
5814,381,8,9,125,45,27.54,0.05,0,1,621
5815,400,9,9,120,43,29.7,0.05,0,1,621
5816,388,8,9,125,46,29.17,0.05,0,1,621
5817,382,9,9,119,44,27.38,0.05,0,1,621
5818,382,9,9,121,45,27.83,0.05,0,1,621
5819,375,8,9,126,44,30.85,0.05,0,1,621
5820,384,8,9,122,45,26.81,0.05,0,1,621
5821,399,9,9,132,44,36.66,0.05,0,1,621
5822,382,8,9,124,45,29.03,0.05,0,1,621
5823,322,9,9,134,39,36.53,0.05,0,1,621
5824,358,8,9,128,43,30.87,0.05,0,1,621
5825,350,9,9,126,40,34.8,0.05,0,1,621
5826,383,9,9,127,45,32.37,0.05,0,1,621
5827,400,8,8,123,42,29.9,0.05,0,1,621
5828,378,9,9,125,43,31.07,0.05,0,1,621
5829,399,9,9,116,44,32.56,0.05,0,1,621
5830,349,9,9,116,42,28.16,0.05,0,1,621
5831,387,8,9,127,46,28.88,0.05,0,1,621
5832,342,8,9,127,40,33.68,0.05,0,1,621
5833,400,1,1,47,14,5.45,0.05,0,1,621
5834,376,8,9,129,43,33.14,0.05,0,1,621
5835,350,8,9,130,41,35.5,0.05,0,1,621
5836,375,9,9,124,44,31.35,0.05,0,1,621
5837,381,9,9,129,44,30.69,0.05,0,1,621
5838,352,8,9,124,43,30.13,0.05,0,1,621
5839,27,0,0,11,4,-5.72,0.05,1,0,621
5840,335,9,9,126,40,34.15,0.05,0,1,621
5841,391,8,9,118,44,29.94,0.05,0,1,621
5842,400,5,5,60,19,10.1,0.05,0,1,621
5843,382,8,9,128,43,31.38,0.05,0,1,621
5844,278,5,5,103,33,20.92,0.05,1,0,621
5845,400,1,1,56,17,7.3,0.05,0,1,621
5846,375,9,9,122,44,29.95,0.05,0,1,621
5847,374,9,9,127,44,28.46,0.05,0,1,621
5848,377,9,9,127,43,35.98,0.05,0,1,621
5849,336,9,9,126,38,35.14,0.05,0,1,621
5850,389,9,9,123,43,30.06,0.05,0,1,621
5851,358,8,9,128,44,30.72,0.05,0,1,621
5852,385,9,9,125,45,30.1,0.05,0,1,621
5853,380,8,9,126,45,32.0,0.05,0,1,621
5854,349,8,9,130,41,35.16,0.05,0,1,621
5855,362,9,9,115,43,28.38,0.05,0,1,621
5856,345,9,9,119,40,30.25,0.05,0,1,621
5857,354,9,9,120,43,31.61,0.05,0,1,621
5858,374,9,9,125,41,32.71,0.05,0,1,621
5859,400,2,2,48,15,6.3,0.05,0,1,621
5860,353,9,9,116,42,25.42,0.05,0,1,621
5861,357,9,9,118,40,31.93,0.05,0,1,621
5862,373,9,9,119,42,28.77,0.05,0,1,621
5863,356,8,9,118,41,28.54,0.05,0,1,621
5864,400,5,5,92,29,20.95,0.05,0,1,621
5865,344,8,9,117,38,28.36,0.05,0,1,621
5866,389,8,9,127,48,26.01,0.05,0,1,621
5867,359,9,9,133,43,35.11,0.05,0,1,621
5868,400,8,8,123,42,31.05,0.05,0,1,621
5869,400,0,0,0,0,-4.4,0.05,0,1,621
5870,342,9,9,118,40,32.63,0.05,0,1,621
5871,364,8,9,125,42,27.46,0.05,0,1,621
5872,371,9,9,121,42,29.39,0.05,0,1,621
5873,332,8,9,124,39,32.78,0.05,0,1,621
5874,397,8,9,125,48,22.23,0.05,0,1,621
5875,342,8,9,123,40,29.93,0.05,0,1,621
5876,350,8,9,123,40,35.05,0.05,0,1,621
5877,387,8,9,126,45,28.03,0.05,0,1,621
5878,368,8,9,117,41,32.42,0.05,0,1,621
5879,400,8,8,114,41,25.2,0.05,0,1,621
5880,369,9,9,125,40,36.86,0.05,0,1,621
5881,345,9,9,120,41,31.85,0.05,0,1,621
5882,384,8,9,120,42,27.21,0.05,0,1,621
5883,353,8,9,121,43,30.97,0.05,0,1,621
5884,400,9,9,122,45,25.75,0.05,0,1,621
5885,400,8,8,123,43,29.4,0.05,0,1,621
5886,367,9,9,130,42,31.63,0.05,0,1,621
5887,352,8,9,132,42,31.78,0.05,0,1,621
5888,336,8,9,121,40,29.34,0.05,0,1,621
5889,373,9,9,115,40,30.62,0.05,0,1,621
5890,400,8,8,128,46,30.65,0.05,0,1,621
5891,330,9,9,117,37,28.0,0.05,0,1,621
5892,398,9,9,128,46,31.62,0.05,0,1,623
5893,400,2,2,34,12,1.2,0.05,0,1,623
5894,337,8,9,121,39,32.43,0.05,0,1,623
5895,348,9,9,125,41,28.37,0.05,0,1,623
5896,363,8,9,124,43,30.37,0.05,0,1,623
5897,392,8,9,121,45,30.28,0.05,0,1,623
5898,389,8,9,122,43,33.36,0.05,0,1,623
5899,400,8,8,128,43,29.8,0.05,0,1,623
5900,355,9,9,124,41,31.6,0.05,0,1,623
5901,368,9,9,125,41,32.67,0.05,0,1,623
5902,369,9,9,116,43,28.36,0.05,0,1,623
5903,371,8,9,110,42,27.04,0.05,0,1,623
5904,385,9,9,130,42,34.65,0.05,0,1,623
5905,400,2,2,106,32,21.65,0.05,0,1,623
5906,380,9,9,129,41,37.85,0.05,0,1,623
5907,389,9,9,124,47,29.96,0.05,0,1,623
5908,368,8,9,126,42,33.02,0.05,0,1,623
5909,363,9,9,123,42,31.67,0.05,0,1,623
5910,384,9,9,132,42,34.86,0.05,0,1,623
5911,322,9,9,119,38,32.88,0.05,0,1,623
5912,400,9,9,128,47,30.9,0.05,0,1,623
5913,400,5,5,93,29,19.55,0.05,0,1,623
5914,382,8,9,121,47,25.93,0.05,0,1,623
5915,355,9,9,116,41,27.05,0.05,0,1,623
5916,385,8,9,130,44,33.15,0.05,0,1,623
5917,400,8,8,127,40,30.85,0.05,0,1,623
5918,349,9,9,123,40,34.51,0.05,0,1,623
5919,372,8,9,116,43,26.18,0.05,0,1,623
5920,394,9,9,129,46,34.51,0.05,0,1,623
5921,383,9,9,124,44,27.42,0.05,0,1,623
5922,400,7,7,129,40,31.2,0.05,0,1,623
5923,353,9,9,119,41,31.42,0.05,0,1,623
5924,400,0,0,7,3,-3.9,0.05,0,1,623
5925,338,9,9,117,38,31.57,0.05,0,1,623
5926,362,8,9,116,43,26.43,0.05,0,1,623
5927,366,8,9,124,40,35.59,0.05,0,1,623
5928,342,9,9,124,41,30.13,0.05,0,1,623
5929,342,9,9,121,39,32.28,0.05,0,1,623
5930,400,9,9,122,40,30.9,0.05,0,1,623
5931,389,8,9,120,41,31.76,0.05,0,1,623
5932,381,8,9,121,44,29.84,0.05,0,1,623
5933,371,8,9,126,43,31.14,0.05,0,1,623
5934,383,9,9,131,43,34.37,0.05,0,1,623
5935,20,0,0,9,3,-4.65,0.05,1,0,623
5936,369,8,9,121,44,27.21,0.05,0,1,623
5937,27,1,1,15,4,-2.52,0.05,1,0,623
5938,400,6,6,116,39,25.75,0.05,0,1,623
5939,332,8,9,121,39,33.73,0.05,0,1,623
5940,344,9,9,131,40,31.46,0.05,0,1,623
5941,393,8,9,130,45,32.02,0.05,0,1,623
5942,400,9,9,121,44,31.55,0.05,0,1,623
5943,347,8,9,116,41,31.08,0.05,0,1,623
5944,400,8,8,116,39,29.75,0.05,0,1,623
5945,339,9,9,126,40,33.11,0.05,0,1,623
5946,365,9,9,123,42,33.0,0.05,0,1,623
5947,348,8,9,122,41,30.42,0.05,0,1,623
5948,365,9,9,122,42,30.0,0.05,0,1,623
5949,362,8,9,122,44,28.13,0.05,0,1,623
5950,356,9,9,134,42,34.84,0.05,0,1,623
5951,376,8,9,115,44,26.24,0.05,0,1,623
5952,366,8,9,119,40,31.74,0.05,0,1,623
5953,384,9,9,128,46,30.51,0.05,0,1,623
5954,78,2,2,40,10,2.27,0.05,1,0,623
5955,352,8,9,127,39,34.78,0.05,0,1,623
5956,400,5,5,122,38,28.4,0.05,0,1,623
5957,379,9,9,115,44,28.76,0.05,0,1,623
5958,338,8,9,131,39,34.12,0.05,0,1,623
5959,341,9,9,132,41,34.34,0.05,0,1,623
5960,329,8,9,121,37,35.21,0.05,0,1,623
5961,361,8,9,138,42,37.59,0.05,0,1,623
5962,359,8,9,117,40,32.06,0.05,0,1,623
5963,380,8,9,127,43,32.15,0.05,0,1,623
5964,400,4,4,35,10,5.5,0.05,0,1,623
5965,377,9,9,122,43,32.38,0.05,0,1,623
5966,400,8,9,127,46,32.15,0.05,0,1,623
5967,391,9,9,131,43,33.64,0.05,0,1,623
5968,391,8,9,125,45,31.64,0.05,0,1,623
5969,400,5,5,115,38,24.0,0.05,0,1,623
5970,359,9,9,123,41,28.51,0.05,0,1,623
5971,364,9,9,124,43,30.26,0.05,0,1,623
5972,385,8,9,130,44,32.05,0.05,0,1,623
5973,339,9,9,117,40,30.26,0.05,0,1,623
5974,27,0,0,6,4,-6.57,0.05,1,0,623
5975,20,0,0,9,3,-4.6,0.05,1,0,623
5976,400,9,9,131,39,33.15,0.05,0,1,623
5977,374,8,9,120,45,26.21,0.05,0,1,623
5978,333,9,9,128,38,36.07,0.05,0,1,623
5979,378,9,9,125,44,33.67,0.05,0,1,623
5980,341,9,9,121,39,30.39,0.05,0,1,623
5981,400,9,9,121,37,34.0,0.05,0,1,623
5982,326,9,9,120,39,29.64,0.05,0,1,623
5983,358,9,9,120,39,32.97,0.05,0,1,623
5984,362,8,9,123,43,28.98,0.05,0,1,623
5985,397,8,9,118,43,29.38,0.05,0,1,623
5986,360,8,9,132,42,30.75,0.05,0,1,623
5987,359,8,9,118,40,30.36,0.05,0,1,623
5988,400,1,1,38,13,-0.85,0.05,0,1,623
5989,368,9,9,120,42,32.72,0.05,0,1,623
5990,357,8,9,124,40,29.73,0.05,0,1,623
5991,391,8,9,120,45,30.49,0.05,0,1,623
5992,382,8,9,115,43,28.78,0.05,0,1,623
5993,376,9,9,124,43,33.94,0.05,0,1,623
5994,365,9,9,122,43,31.3,0.05,0,1,623
5995,368,9,9,121,43,32.42,0.05,0,1,623
5996,43,1,1,24,6,0.87,0.05,1,0,623
5997,383,9,9,120,46,25.12,0.05,0,1,623
5998,377,9,9,131,42,37.08,0.05,0,1,624
5999,400,1,1,46,15,3.0,0.05,0,1,624
6000,366,8,9,118,42,29.99,0.05,0,1,624
6001,27,1,1,12,4,-2.42,0.05,1,0,624
6002,368,8,9,123,43,30.12,0.05,0,1,624
6003,400,4,4,52,14,8.7,0.05,0,1,624
6004,393,9,9,127,44,34.22,0.05,0,1,624
6005,367,8,9,135,43,37.53,0.05,0,1,624
6006,338,9,9,121,41,32.17,0.05,0,1,624
6007,355,9,9,119,41,28.05,0.05,0,1,624
6008,389,9,9,124,45,31.31,0.05,0,1,624
6009,326,8,9,122,39,34.84,0.05,0,1,624
6010,385,9,9,127,46,34.15,0.05,0,1,624
6011,399,8,9,132,44,34.11,0.05,0,1,624
6012,365,8,9,128,44,32.65,0.05,0,1,624
6013,396,8,9,129,46,32.79,0.05,0,1,624
6014,367,9,9,117,43,30.28,0.05,0,1,624
6015,371,9,9,127,41,31.54,0.05,0,1,624
6016,400,3,3,65,21,10.0,0.05,0,1,624
6017,400,3,3,101,29,20.85,0.05,0,1,624
6018,362,8,9,117,40,29.63,0.05,0,1,624
6019,373,9,9,129,43,35.57,0.05,0,1,624
6020,342,8,9,118,39,28.93,0.05,0,1,624
6021,400,9,9,123,45,32.9,0.05,0,1,624
6022,27,0,0,12,4,-5.87,0.05,1,0,624
6023,244,5,5,110,31,19.96,0.05,1,0,624
6024,400,7,7,91,32,18.25,0.05,0,1,624
6025,400,2,2,42,14,2.95,0.05,0,1,624
6026,381,9,9,125,43,32.69,0.05,0,1,624
6027,400,5,5,89,30,19.3,0.05,0,1,624
6028,400,3,3,62,21,11.75,0.05,0,1,624
6029,386,8,9,121,43,31.79,0.05,0,1,624
6030,400,5,5,73,23,18.45,0.05,0,1,624
6031,400,5,5,76,22,16.55,0.05,0,1,624
6032,377,8,9,125,44,28.43,0.05,0,1,624
6033,369,9,9,120,42,27.16,0.05,0,1,624
6034,369,9,9,123,41,32.21,0.05,0,1,624
6035,366,8,9,116,43,28.39,0.05,0,1,624
6036,400,9,9,134,46,33.5,0.05,0,1,624
6037,30,1,1,16,4,-2.55,0.05,1,0,624
6038,389,9,9,132,46,30.66,0.05,0,1,624
6039,400,6,6,98,33,18.95,0.05,0,1,624
6040,392,9,9,132,46,29.93,0.05,0,1,624
6041,400,2,2,49,17,6.45,0.05,0,1,624
6042,340,9,9,119,40,28.35,0.05,0,1,624
6043,353,9,9,125,41,34.82,0.05,0,1,624
6044,400,6,6,117,36,27.55,0.05,0,1,624
6045,339,8,9,113,39,30.91,0.05,0,1,624
6046,347,8,9,110,39,26.18,0.05,0,1,624
6047,363,9,9,124,45,29.02,0.05,0,1,624
6048,379,8,9,123,41,31.36,0.05,0,1,624
6049,374,8,9,126,44,32.46,0.05,0,1,624
6050,400,5,5,103,35,18.65,0.05,0,1,624
6051,353,8,9,126,41,35.12,0.05,0,1,624
6052,376,9,9,123,41,34.54,0.05,0,1,624
6053,400,6,6,105,31,24.65,0.05,0,1,624
6054,353,9,9,124,41,32.32,0.05,0,1,624
6055,400,7,7,111,35,25.65,0.05,0,1,624
6056,361,9,9,125,41,32.14,0.05,0,1,624
6057,392,9,9,118,46,27.28,0.05,0,1,624
6058,357,9,9,121,42,31.38,0.05,0,1,624
6059,381,8,9,121,42,32.74,0.05,0,1,624
6060,373,9,9,123,43,33.37,0.05,0,1,624
6061,370,8,9,118,44,27.65,0.05,0,1,624
6062,373,9,9,126,43,30.32,0.05,0,1,624
6063,372,8,9,117,42,26.83,0.05,0,1,624
6064,320,9,9,117,36,31.7,0.05,0,1,624
6065,340,9,9,119,40,32.55,0.05,0,1,624
6066,372,8,9,124,45,30.68,0.05,0,1,624
6067,358,9,9,125,41,33.42,0.05,0,1,624
6068,364,8,9,121,44,30.96,0.05,0,1,624
6069,358,8,9,120,42,30.67,0.05,0,1,624
6070,382,9,9,119,43,32.23,0.05,0,1,624
6071,380,8,9,120,41,31.15,0.05,0,1,624
6072,363,8,9,128,41,32.37,0.05,0,1,624
6073,370,9,9,137,41,36.85,0.05,0,1,624
6074,343,8,9,126,38,33.97,0.05,0,1,624
6075,348,9,9,116,40,29.02,0.05,0,1,624
6076,400,3,3,90,27,20.35,0.05,0,1,624
6077,384,8,9,119,45,29.61,0.05,0,1,624
6078,365,8,9,115,43,26.85,0.05,0,1,624
6079,362,8,9,124,41,33.88,0.05,0,1,624
6080,378,9,9,114,44,26.62,0.05,0,1,624
6081,387,8,9,116,45,25.68,0.05,0,1,624
6082,382,9,9,129,43,36.63,0.05,0,1,624
6083,400,3,3,59,16,10.6,0.05,0,1,624
6084,348,9,9,125,40,32.07,0.05,0,1,624
6085,384,8,9,133,43,34.96,0.05,0,1,624
6086,387,9,9,134,43,35.43,0.05,0,1,624
6087,91,1,1,43,13,-0.26,0.05,1,0,624
6088,400,1,1,48,15,4.7,0.05,0,1,624
6089,377,8,9,128,46,28.38,0.05,0,1,624
6090,382,9,9,131,44,29.38,0.05,0,1,624
6091,370,8,9,123,42,31.75,0.05,0,1,624
6092,351,9,9,118,40,31.24,0.05,0,1,624
6093,355,9,9,128,40,36.25,0.05,0,1,624
6094,364,8,9,119,40,34.01,0.05,0,1,624
6095,27,0,0,12,4,-4.97,0.05,1,0,624
6096,397,9,9,125,45,30.68,0.05,0,1,624
6097,365,9,9,122,45,24.95,0.05,0,1,624
6098,354,9,9,125,40,33.51,0.05,0,1,624
6099,400,4,4,74,22,16.9,0.05,0,1,624
6100,378,8,9,123,45,27.77,0.05,0,1,624
6101,385,8,9,130,44,34.75,0.05,0,1,624
6102,400,6,6,96,32,20.45,0.05,0,1,624
6103,336,9,9,118,40,30.29,0.05,0,1,624
6104,351,9,9,128,41,32.64,0.05,0,1,624
6105,323,8,9,125,39,29.47,0.05,0,1,624
6106,327,9,9,125,39,30.63,0.05,0,1,624
6107,400,7,7,101,33,27.7,0.05,0,1,624
6108,371,9,9,124,42,33.09,0.05,0,1,624
6109,365,8,9,124,44,29.4,0.05,0,1,624
6110,385,8,9,132,46,29.1,0.05,0,1,624
6111,370,9,9,127,41,34.35,0.05,0,1,624
6112,360,9,9,117,41,30.65,0.05,0,1,624
6113,400,5,5,95,27,19.85,0.05,0,1,624
6114,358,9,9,120,42,29.82,0.05,0,1,624
6115,318,9,9,114,37,32.02,0.05,0,1,624
6116,27,0,0,11,4,-4.87,0.05,1,0,624
6117,400,4,4,116,34,28.0,0.05,0,1,624
6118,396,9,9,123,42,33.94,0.05,0,1,624
6119,324,9,9,116,36,29.31,0.05,0,1,624
6120,331,9,9,117,38,32.44,0.05,0,1,624
6121,346,9,9,117,40,31.04,0.05,0,1,624
6122,359,8,9,122,42,31.06,0.05,0,1,624
6123,400,1,1,69,20,10.45,0.05,0,1,624
6124,388,8,9,135,46,31.27,0.05,0,1,624
6125,379,9,9,126,43,32.91,0.05,0,1,624
6126,400,7,7,120,42,30.1,0.05,0,1,624
6127,378,8,9,122,45,29.97,0.05,0,1,624
6128,378,8,9,125,43,31.17,0.05,0,1,624
6129,372,9,9,131,42,34.83,0.05,0,1,624
6130,42,0,0,19,6,-2.42,0.05,1,0,624
6131,357,8,9,123,41,34.08,0.05,0,1,624
6132,400,9,9,116,43,30.75,0.05,0,1,624
6133,391,8,9,121,41,33.84,0.05,0,1,624
6134,355,9,9,122,40,32.65,0.05,0,1,624
6135,400,8,8,135,46,32.95,0.05,0,1,624
6136,310,6,6,120,36,28.45,0.05,1,0,624
6137,375,8,9,126,42,33.65,0.05,0,1,624
6138,13,0,0,6,2,-4.98,0.05,1,0,624
6139,400,6,6,120,38,29.45,0.05,0,1,624
6140,360,9,9,126,40,33.2,0.05,0,1,624
6141,383,8,9,126,45,30.17,0.05,0,1,624
6142,400,2,2,38,12,3.9,0.05,0,1,624
6143,400,9,9,120,48,24.4,0.05,0,1,624
6144,349,9,9,129,41,32.46,0.05,0,1,624
6145,361,9,9,122,41,31.64,0.05,0,1,624
6146,400,7,7,118,40,27.35,0.05,0,1,624
6147,356,8,9,109,39,25.19,0.05,0,1,624
6148,359,8,9,126,41,33.86,0.05,0,1,624
6149,353,8,9,120,40,33.37,0.05,0,1,624
6150,368,9,9,124,39,36.92,0.05,0,1,624
6151,353,8,9,120,39,32.67,0.05,0,1,624
6152,381,9,9,132,46,27.59,0.05,1,0,624
6153,364,8,9,131,41,32.81,0.05,0,1,624
6154,377,8,9,125,43,31.53,0.05,0,1,624
6155,351,8,9,116,41,29.99,0.05,0,1,624
6156,359,8,9,124,41,31.66,0.05,0,1,624
6157,350,8,9,123,41,31.45,0.05,0,1,624
6158,400,8,8,124,47,31.3,0.05,0,1,624
6159,361,9,9,127,39,37.14,0.05,0,1,624
6160,393,8,9,120,44,28.92,0.05,0,1,624
6161,340,8,9,121,40,30.65,0.05,0,1,624
6162,400,9,9,125,46,28.2,0.05,0,1,624
6163,49,2,2,19,7,-1.89,0.05,1,0,624
6164,383,9,9,131,43,30.07,0.05,0,1,624
6165,400,8,8,120,39,29.65,0.05,0,1,624
6166,358,9,9,130,41,33.17,0.05,0,1,624
6167,342,8,9,123,38,29.63,0.05,0,1,624
6168,376,9,9,106,43,27.54,0.05,0,1,624
6169,400,2,2,114,31,26.3,0.05,0,1,624
6170,361,9,9,119,43,28.84,0.05,0,1,624
6171,349,8,9,125,39,33.66,0.05,0,1,624
6172,355,9,9,126,41,32.9,0.05,0,1,624
6173,362,9,9,117,42,29.23,0.05,0,1,624
6174,340,9,9,116,42,25.8,0.05,0,1,624
6175,400,6,6,87,26,19.5,0.05,0,1,624
6176,364,8,9,117,41,31.81,0.05,0,1,624
6177,359,8,9,123,41,30.11,0.05,0,1,624
6178,365,8,9,130,42,36.25,0.05,0,1,624
6179,358,8,9,127,41,32.57,0.05,0,1,624
6180,400,2,2,57,16,7.55,0.05,0,1,624
6181,149,0,0,62,20,4.21,0.05,1,0,624
6182,400,4,4,84,25,18.1,0.05,0,1,624
6183,367,9,9,129,43,34.43,0.05,0,1,624
6184,376,9,9,121,45,27.79,0.05,0,1,624
6185,342,8,9,119,40,30.83,0.05,0,1,624
6186,322,9,9,126,38,29.63,0.05,0,1,624
6187,383,9,9,120,43,29.72,0.05,0,1,624
6188,347,9,9,121,39,33.58,0.05,0,1,624
6189,368,9,9,125,44,28.37,0.05,0,1,624
6190,368,8,9,127,39,37.32,0.05,0,1,624
6191,352,9,9,126,40,36.43,0.05,0,1,624
6192,368,9,9,124,43,31.92,0.05,0,1,624
6193,379,9,9,137,46,32.61,0.05,0,1,624
6194,354,8,9,116,40,30.76,0.05,0,1,624
6195,345,8,9,131,42,33.7,0.05,0,1,624
6196,331,8,9,126,39,31.09,0.05,0,1,624
6197,358,9,9,123,40,30.22,0.05,0,1,624
6198,344,9,9,126,40,34.51,0.05,0,1,624
6199,360,9,9,135,42,33.0,0.05,0,1,624
6200,371,9,9,127,43,30.69,0.05,0,1,624
6201,299,5,5,115,38,19.86,0.05,1,0,624
6202,361,8,9,128,42,33.84,0.05,0,1,624
6203,328,9,9,119,38,33.02,0.05,0,1,624
6204,354,8,9,127,43,32.56,0.05,0,1,624
6205,400,8,8,127,47,25.1,0.05,0,1,624
6206,364,9,9,126,43,33.86,0.05,0,1,624
6207,384,8,9,133,42,35.76,0.05,0,1,624
6208,240,5,5,112,31,19.3,0.05,1,0,624
6209,329,9,9,125,38,36.71,0.05,0,1,624
6210,359,9,9,127,43,32.01,0.05,0,1,624
6211,400,8,8,128,44,31.65,0.05,0,1,624
6212,357,8,9,125,41,30.98,0.05,0,1,624
6213,52,1,1,16,7,-2.52,0.05,1,0,624
6214,359,8,9,126,41,32.71,0.05,0,1,624
6215,334,8,9,127,41,31.11,0.05,0,1,624
6216,400,9,9,129,45,35.1,0.05,0,1,624
6217,380,9,9,111,43,29.45,0.05,0,1,624
6218,400,2,2,51,15,4.6,0.05,0,1,624
6219,363,8,9,127,43,31.17,0.05,0,1,624
6220,400,6,6,122,41,25.75,0.05,0,1,624
6221,359,8,9,122,40,33.56,0.05,0,1,624
6222,357,9,9,118,41,31.23,0.05,0,1,624
6223,400,3,3,98,24,20.85,0.05,0,1,624
6224,343,9,9,120,39,30.02,0.05,0,1,624
6225,347,9,9,113,40,31.78,0.05,0,1,624
6226,400,9,9,112,37,28.75,0.05,0,1,624
6227,374,9,9,123,41,29.81,0.05,0,1,624
6228,384,9,9,127,42,32.41,0.05,0,1,624
6229,380,8,9,114,43,27.7,0.05,0,1,624
6230,364,8,9,111,41,29.21,0.05,0,1,624
6231,364,9,9,119,41,32.16,0.05,0,1,624
6232,367,8,9,118,42,27.23,0.05,0,1,624
6233,27,0,0,13,4,-3.22,0.05,1,0,624
6234,390,9,9,126,44,31.75,0.05,0,1,624
6235,361,8,9,114,40,30.29,0.05,0,1,624
6236,400,9,9,124,42,30.8,0.05,0,1,624
6237,400,8,8,120,46,27.7,0.05,0,1,624
6238,358,9,9,125,43,30.12,0.05,0,1,624
6239,347,8,9,116,40,30.73,0.05,0,1,624
6240,400,8,8,130,47,27.5,0.05,0,1,624
6241,388,9,9,141,43,36.37,0.05,0,1,624
6242,354,8,9,126,44,31.81,0.05,0,1,624
6243,374,9,9,123,42,30.01,0.05,0,1,624
6244,355,8,9,118,42,30.15,0.05,0,1,624
6245,377,8,9,123,42,31.88,0.05,0,1,624
6246,380,9,9,112,45,27.15,0.05,0,1,624
6247,379,9,9,113,43,26.11,0.05,0,1,624
6248,364,9,9,120,41,31.16,0.05,0,1,624
6249,321,9,9,120,37,30.64,0.05,0,1,624
6250,297,9,9,113,36,26.68,0.05,0,1,624
6251,27,1,1,9,4,-4.57,0.05,1,0,624
6252,358,8,9,129,42,29.02,0.05,0,1,624
6253,374,8,9,122,41,33.11,0.05,0,1,624
6254,360,8,9,119,42,33.0,0.05,0,1,624
6255,13,0,0,6,2,-5.43,0.05,1,0,624
6256,372,9,9,114,44,23.78,0.05,0,1,624
6257,349,8,9,126,40,29.66,0.05,0,1,624
6258,366,9,9,133,41,37.09,0.05,0,1,624
6259,341,8,9,118,41,32.19,0.05,0,1,624
6260,344,9,9,119,40,29.86,0.05,0,1,624
6261,342,8,9,108,39,24.28,0.05,0,1,624
6262,78,1,1,48,11,6.32,0.05,1,0,624
6263,350,8,9,116,40,32.5,0.05,0,1,624
6264,356,8,9,125,42,32.44,0.05,0,1,624
6265,378,9,9,125,42,32.57,0.05,0,1,624
6266,385,8,9,135,43,36.05,0.05,0,1,624
6267,375,9,9,119,43,28.15,0.05,0,1,624
6268,357,8,9,115,42,25.33,0.05,0,1,624
6269,372,9,9,120,44,27.28,0.05,0,1,624
6270,371,8,9,117,43,27.14,0.05,0,1,624
6271,27,1,1,14,4,-2.62,0.05,1,0,624
6272,400,8,8,129,46,33.2,0.05,0,1,624
6273,308,9,9,126,36,36.87,0.05,0,1,624
6274,389,9,9,121,44,30.61,0.05,0,1,624
6275,367,9,9,122,43,32.78,0.05,0,1,624
6276,400,5,5,116,34,26.0,0.05,0,1,624
6277,359,9,9,122,40,32.71,0.05,0,1,624
6278,355,9,9,125,42,31.2,0.05,0,1,624
6279,351,8,9,118,41,29.69,0.05,0,1,624
6280,318,8,8,113,39,20.37,0.05,1,0,624
6281,377,8,9,125,41,32.93,0.05,0,1,624
6282,337,8,9,124,37,33.23,0.05,0,1,624
6283,393,9,9,130,44,33.27,0.05,0,1,624
6284,354,8,9,119,42,30.06,0.05,0,1,624
6285,398,8,9,131,45,33.42,0.05,0,1,624
6286,371,8,9,124,41,34.19,0.05,0,1,624
6287,377,9,9,131,42,34.83,0.05,0,1,624
6288,373,8,9,125,45,31.17,0.05,0,1,624
6289,351,8,9,130,41,35.24,0.05,0,1,624
6290,394,9,9,130,43,35.06,0.05,0,1,624
6291,378,9,9,110,45,22.37,0.05,0,1,624
6292,346,8,9,120,37,34.04,0.05,0,1,624
6293,381,9,9,123,45,31.44,0.05,0,1,624
6294,365,9,9,134,42,34.55,0.05,0,1,624
6295,359,9,9,120,41,32.01,0.05,0,1,624
6296,373,8,9,131,43,35.17,0.05,0,1,624
6297,350,8,9,127,40,31.8,0.05,0,1,624
6298,357,9,9,112,41,30.28,0.05,0,1,624
6299,388,8,9,117,45,25.62,0.05,0,1,624
6300,400,3,3,49,14,7.25,0.05,0,1,624
6301,375,8,9,134,42,35.95,0.05,0,1,624
6302,340,9,9,126,42,29.7,0.05,0,1,624
6303,375,8,9,130,40,33.7,0.05,0,1,624
6304,359,9,9,120,41,31.16,0.05,0,1,624
6305,391,9,9,125,46,31.19,0.05,0,1,624
6306,367,8,9,121,41,32.13,0.05,0,1,624
6307,27,0,0,10,4,-5.42,0.05,1,0,624
6308,339,8,9,120,39,29.41,0.05,0,1,624
6309,350,8,9,124,40,29.65,0.05,0,1,624
6310,357,9,9,122,42,30.28,0.05,0,1,624
6311,337,8,9,114,39,32.73,0.05,0,1,624
6312,400,5,5,123,39,27.25,0.05,0,1,624
6313,400,8,8,136,43,34.1,0.05,0,1,624
6314,400,2,2,36,13,-1.45,0.05,0,1,624
6315,362,9,9,124,42,32.53,0.05,0,1,624
6316,381,9,9,119,44,27.59,0.05,0,1,624
6317,332,8,9,122,37,32.88,0.05,0,1,624
6318,359,9,9,128,42,30.46,0.05,0,1,624
6319,393,8,9,125,46,30.32,0.05,0,1,624
6320,363,9,9,114,41,30.77,0.05,0,1,624
6321,355,8,9,123,39,31.55,0.05,0,1,624
6322,379,9,9,135,43,35.81,0.05,0,1,624
6323,400,9,9,130,47,30.25,0.05,0,1,624
6324,400,9,9,109,40,28.4,0.05,0,1,624
6325,359,8,9,117,41,28.86,0.05,0,1,624
6326,370,8,9,121,42,32.7,0.05,0,1,624
6327,346,9,9,118,42,30.24,0.05,0,1,624
6328,400,9,9,121,35,32.65,0.05,0,1,624
6329,337,9,9,117,39,31.58,0.05,0,1,624
6330,352,9,9,130,41,29.93,0.05,0,1,624
6331,337,9,9,129,39,35.98,0.05,0,1,624
6332,370,8,9,121,44,28.25,0.05,0,1,624
6333,369,9,9,123,43,31.01,0.05,0,1,624
6334,400,8,8,134,47,28.6,0.05,0,1,624
6335,375,8,9,124,43,30.5,0.05,0,1,624
6336,335,9,9,120,41,23.05,0.05,1,0,624
6337,400,8,8,115,34,29.95,0.05,0,1,624
6338,375,9,9,127,43,29.65,0.05,0,1,624
6339,347,9,9,123,41,30.73,0.05,0,1,624
6340,389,8,9,127,43,32.16,0.05,0,1,624
6341,359,8,9,113,43,26.71,0.05,0,1,624
6342,389,9,9,126,43,34.36,0.05,0,1,624
6343,367,8,9,126,41,34.53,0.05,0,1,624
6344,371,9,9,122,43,28.34,0.05,0,1,624
6345,373,9,9,130,42,33.47,0.05,0,1,624
6346,341,9,9,120,41,29.64,0.05,0,1,624
6347,382,9,9,118,44,27.88,0.05,0,1,624
6348,330,9,9,117,39,30.55,0.05,0,1,624
6349,379,8,9,132,43,35.66,0.05,0,1,624
6350,353,8,9,130,43,32.47,0.05,0,1,624
6351,365,9,9,124,43,30.85,0.05,0,1,624
6352,374,9,9,130,44,34.46,0.05,0,1,624
6353,356,9,9,120,41,29.49,0.05,0,1,624
6354,400,6,6,106,31,26.8,0.05,0,1,624
6355,358,8,9,124,41,33.67,0.05,0,1,624
6356,400,6,6,126,39,31.45,0.05,0,1,624
6357,376,9,9,126,45,31.14,0.05,0,1,624
6358,372,8,9,113,43,27.28,0.05,0,1,624
6359,76,1,1,34,10,1.54,0.05,1,0,624
6360,343,9,9,122,39,29.12,0.05,0,1,624
6361,355,9,9,131,40,33.3,0.05,0,1,624
6362,342,9,9,120,41,30.68,0.05,0,1,624
6363,373,8,9,122,45,23.57,0.05,0,1,624
6364,338,8,9,120,39,31.72,0.05,0,1,624
6365,371,8,9,122,44,27.94,0.05,0,1,624
6366,396,9,9,118,45,29.79,0.05,0,1,624
6367,383,8,9,125,45,31.22,0.05,0,1,624
6368,345,8,9,116,42,24.75,0.05,0,1,624
6369,374,8,9,127,44,33.36,0.05,0,1,624
6370,352,8,9,123,41,33.03,0.05,0,1,624
6371,397,8,9,126,46,35.08,0.05,0,1,624
6372,373,9,9,123,44,30.32,0.05,0,1,624
6373,376,9,9,126,42,33.29,0.05,0,1,624
6374,394,8,9,127,46,29.66,0.05,0,1,624
6375,381,9,9,115,41,32.44,0.05,0,1,624
6376,378,8,9,130,44,32.12,0.05,0,1,624
6377,400,1,1,41,11,3.3,0.05,0,1,624
6378,400,8,8,119,43,29.9,0.05,0,1,624
6379,338,8,9,126,40,34.42,0.05,0,1,624
6380,348,8,9,124,39,35.57,0.05,0,1,624
6381,398,8,9,132,44,35.42,0.05,0,1,624
6382,400,9,9,130,46,30.8,0.05,0,1,624
6383,400,6,6,119,39,25.6,0.05,0,1,624
6384,27,0,0,11,4,-5.57,0.05,1,0,624
6385,362,8,9,130,42,35.23,0.05,0,1,624
6386,350,8,9,129,42,33.35,0.05,0,1,624
6387,350,9,9,128,42,31.6,0.05,0,1,624
6388,323,9,9,114,36,26.57,0.05,0,1,624
6389,400,8,8,121,40,29.0,0.05,0,1,624
6390,400,3,3,32,10,0.9,0.05,0,1,624
6391,360,8,9,131,41,34.7,0.05,0,1,624
6392,373,9,9,118,42,31.42,0.05,0,1,624
6393,393,8,9,124,45,31.37,0.05,0,1,624
6394,380,8,9,122,43,27.6,0.05,0,1,624
6395,376,9,9,126,41,33.24,0.05,0,1,624
6396,362,8,9,119,41,30.68,0.05,0,1,624
6397,400,8,8,119,39,28.7,0.05,0,1,624
6398,352,9,9,115,39,30.58,0.05,0,1,624
6399,370,8,9,122,41,34.5,0.05,0,1,624
6400,369,7,7,128,45,28.01,0.05,1,0,624
6401,368,8,9,118,42,27.92,0.05,0,1,624
6402,348,8,9,126,41,32.97,0.05,0,1,624
6403,364,8,9,131,40,37.26,0.05,0,1,624
6404,400,0,0,0,0,-4.35,0.05,0,1,624
6405,349,9,9,125,42,28.46,0.05,0,1,624
6406,374,9,9,116,44,29.06,0.05,0,1,624
6407,400,5,5,106,35,24.15,0.05,0,1,624
6408,360,8,9,122,42,31.5,0.05,0,1,624
6409,370,9,9,124,43,26.45,0.05,0,1,624
6410,358,9,9,118,41,32.37,0.05,0,1,624
6411,374,9,9,127,44,32.81,0.05,0,1,624
6412,377,8,9,118,43,30.78,0.05,0,1,624
6413,368,9,9,124,43,32.47,0.05,0,1,624
6414,384,9,9,127,42,34.86,0.05,0,1,624
6415,400,8,8,132,47,31.4,0.05,0,1,624
6416,363,9,9,119,44,28.62,0.05,0,1,624
6417,27,0,0,11,4,-5.22,0.05,1,0,624
6418,353,9,9,128,41,33.17,0.05,0,1,624
6419,357,8,9,114,42,25.98,0.05,0,1,624
6420,390,8,9,124,43,36.55,0.05,0,1,624
6421,387,9,9,127,41,35.03,0.05,0,1,624
6422,355,9,9,118,41,31.9,0.05,0,1,624
6423,369,8,9,118,40,27.71,0.05,0,1,624
6424,387,8,9,119,45,28.08,0.05,0,1,624
6425,400,3,3,72,19,14.6,0.05,0,1,624
6426,13,0,0,6,2,-4.88,0.05,1,0,624
6427,349,8,9,113,39,32.01,0.05,0,1,624
6428,250,3,3,110,32,17.75,0.05,1,0,624
6429,384,9,9,118,44,30.76,0.05,0,1,624
6430,369,8,9,128,42,33.81,0.05,0,1,624
6431,350,8,9,122,39,31.5,0.05,0,1,624
6432,359,8,9,121,41,31.76,0.05,0,1,624
6433,400,1,1,36,11,2.6,0.05,0,1,624
6434,385,9,9,120,45,25.5,0.05,0,1,624
6435,353,9,9,122,41,30.12,0.05,0,1,624
6436,344,8,9,132,42,34.21,0.05,0,1,624
6437,386,8,9,127,45,28.19,0.05,0,1,624
6438,384,8,9,130,44,33.51,0.05,0,1,624
6439,395,9,9,123,46,30.0,0.05,0,1,624
6440,400,5,5,73,22,17.6,0.05,0,1,624
6441,400,9,9,128,45,33.75,0.05,0,1,624
6442,337,8,9,119,38,29.53,0.05,0,1,624
6443,400,6,6,105,35,24.7,0.05,0,1,624
6444,390,9,9,122,44,26.6,0.05,0,1,624
6445,400,7,7,107,37,21.45,0.05,0,1,624
6446,206,6,6,99,27,17.89,0.05,1,0,624
6447,400,8,8,116,45,27.05,0.05,0,1,624
6448,400,8,8,126,45,32.95,0.05,0,1,624
6449,373,8,9,118,42,31.12,0.05,0,1,624
6450,398,9,9,125,45,33.87,0.05,0,1,624
6451,340,8,9,121,40,34.15,0.05,0,1,624
6452,400,8,8,122,45,31.1,0.05,0,1,624
6453,366,9,9,126,43,31.84,0.05,0,1,624
6454,400,0,0,0,0,-4.2,0.05,0,1,624
6455,400,8,8,125,46,31.25,0.05,0,1,624
6456,380,8,9,123,45,29.5,0.05,0,1,624
6457,400,7,7,91,27,22.55,0.05,0,1,624
6458,400,7,7,95,31,22.25,0.05,0,1,624
6459,371,8,9,119,40,30.29,0.05,0,1,624
6460,382,9,9,131,45,34.03,0.05,0,1,624
6461,331,8,9,121,37,32.14,0.05,0,1,624
6462,376,9,9,124,42,33.74,0.05,0,1,624
6463,347,8,9,127,40,32.78,0.05,0,1,624
6464,385,9,9,128,45,31.2,0.05,0,1,624
6465,400,9,9,122,46,29.2,0.05,0,1,624
6466,400,7,7,119,43,30.4,0.05,0,1,624
6467,381,8,9,131,43,26.49,0.05,0,1,624
6468,336,9,9,114,40,26.29,0.05,0,1,624
6469,331,9,9,113,37,33.19,0.05,0,1,624
6470,324,8,9,131,37,36.81,0.05,0,1,624
6471,361,8,9,124,43,31.89,0.05,0,1,624
6472,391,9,9,123,45,32.59,0.05,0,1,624
6473,352,8,9,131,41,31.08,0.05,0,1,624
6474,400,6,6,129,37,30.5,0.05,0,1,624
6475,366,8,9,113,42,27.44,0.05,0,1,624
6476,400,2,2,45,16,4.6,0.05,0,1,624
6477,384,9,9,128,44,34.41,0.05,0,1,624
6478,361,9,9,127,42,30.44,0.05,0,1,624
6479,400,7,7,126,42,30.2,0.05,0,1,624
6480,366,8,9,128,42,33.54,0.05,0,1,624
6481,398,8,9,126,43,36.07,0.05,0,1,624
6482,363,9,9,127,43,32.02,0.05,0,1,624
6483,336,8,9,109,38,28.74,0.05,0,1,624
6484,400,8,8,123,40,31.55,0.05,0,1,624
6485,257,5,5,101,32,18.78,0.05,1,0,624
6486,369,9,9,123,45,28.46,0.05,0,1,624
6487,400,8,8,117,41,30.2,0.05,0,1,624
6488,400,8,8,119,38,30.6,0.05,0,1,624
6489,379,9,9,120,44,29.16,0.05,0,1,624
6490,400,7,7,92,32,18.9,0.05,0,1,624
6491,400,2,2,71,23,9.45,0.05,0,1,624
6492,384,8,9,137,45,32.36,0.05,0,1,624
6493,400,5,5,105,36,24.8,0.05,0,1,624
6494,400,9,9,117,38,29.4,0.05,0,1,624
6495,398,9,9,125,47,33.82,0.05,0,1,624
6496,375,8,9,121,45,25.85,0.05,0,1,624
6497,27,0,0,10,4,-5.97,0.05,1,0,624
6498,400,3,3,112,36,21.75,0.05,0,1,624
6499,342,9,9,110,38,29.28,0.05,0,1,624
6500,383,9,9,128,43,31.22,0.05,0,1,624
6501,337,8,9,119,39,30.93,0.05,0,1,624
6502,370,9,9,124,42,31.95,0.05,0,1,624
6503,363,9,9,122,42,26.42,0.05,0,1,624
6504,335,9,9,109,38,30.4,0.05,0,1,624
6505,369,8,9,124,44,30.36,0.05,0,1,624
6506,353,9,9,126,42,33.42,0.05,0,1,624
6507,346,8,9,118,40,26.59,0.05,0,1,624
6508,398,8,9,133,47,28.37,0.05,0,1,624
6509,337,9,9,123,40,34.08,0.05,0,1,624
6510,373,9,9,127,40,35.82,0.05,0,1,624
6511,351,8,9,120,42,30.89,0.05,0,1,624
6512,346,9,9,117,41,32.44,0.05,0,1,624
6513,393,9,9,123,42,33.07,0.05,0,1,624
6514,340,9,9,128,41,31.95,0.05,0,1,624
6515,400,5,5,109,47,20.5,0.05,0,1,624
6516,345,9,9,122,40,33.3,0.05,0,1,624
6517,400,8,8,134,40,34.95,0.05,0,1,624
6518,338,9,9,129,40,34.07,0.05,0,1,624
6519,349,8,9,120,41,31.81,0.05,0,1,624
6520,343,8,9,122,37,33.27,0.05,0,1,624
6521,373,8,9,127,44,29.47,0.05,0,1,624
6522,346,9,9,125,41,30.84,0.05,0,1,624
6523,351,8,9,118,41,26.94,0.05,0,1,624
6524,380,8,9,121,45,30.0,0.05,0,1,624
6525,378,9,9,125,42,35.37,0.05,0,1,624
6526,400,6,6,119,44,27.8,0.05,0,1,624
6527,375,8,9,122,43,33.3,0.05,0,1,624
6528,400,9,9,130,43,36.9,0.05,0,1,624
6529,377,9,9,127,44,30.83,0.05,0,1,624
6530,352,9,9,125,41,29.83,0.05,0,1,624
6531,400,7,7,95,31,23.15,0.05,0,1,624
6532,400,5,5,102,33,23.45,0.05,0,1,624
6533,345,9,9,130,39,37.8,0.05,0,1,624
6534,396,9,9,123,44,32.04,0.05,0,1,624
6535,384,8,9,124,44,30.76,0.05,0,1,624
6536,382,9,9,127,47,30.28,0.05,0,1,624
6537,353,8,9,120,43,27.82,0.05,0,1,624
6538,27,0,0,9,4,-5.82,0.05,1,0,624
6539,400,1,1,51,16,2.1,0.05,0,1,624
6540,333,8,9,107,36,30.97,0.05,0,1,624
6541,384,9,9,115,44,28.46,0.05,0,1,624
6542,352,8,9,129,41,32.03,0.05,0,1,624
6543,400,8,8,122,41,33.35,0.05,0,1,624
6544,335,9,9,128,38,33.6,0.05,0,1,624
6545,389,8,9,128,44,30.91,0.05,0,1,624
6546,337,9,9,118,40,30.28,0.05,0,1,624
6547,13,0,0,7,2,-4.68,0.05,1,0,624
6548,338,9,9,119,39,29.92,0.05,0,1,624
6549,394,8,9,124,42,32.01,0.05,0,1,624
6550,390,8,9,127,46,29.45,0.05,0,1,624
6551,378,9,9,122,46,22.72,0.05,0,1,624
6552,400,7,7,123,48,24.4,0.05,0,1,624
6553,385,8,9,128,43,32.25,0.05,0,1,624
6554,337,9,9,119,39,30.53,0.05,0,1,624
6555,27,0,0,11,4,-5.07,0.05,1,0,624
6556,348,9,9,123,40,33.47,0.05,0,1,624
6557,327,8,9,119,39,30.88,0.05,0,1,624
6558,351,9,9,122,39,32.79,0.05,0,1,624
6559,345,8,9,133,40,35.4,0.05,0,1,624
6560,186,5,5,94,25,19.79,0.05,1,0,624
6561,339,8,9,117,40,24.31,0.05,0,1,624
6562,342,9,9,125,38,36.18,0.05,0,1,624
6563,346,8,9,124,40,30.04,0.05,0,1,624
6564,369,8,9,126,43,32.76,0.05,0,1,624
6565,368,9,9,108,43,23.87,0.05,0,1,624
6566,400,9,9,121,48,27.1,0.05,0,1,624
6567,356,9,9,123,41,26.74,0.05,0,1,624
6568,338,9,9,127,40,29.07,0.05,0,1,624
6569,352,9,9,112,40,23.68,0.05,0,1,624
6570,357,8,9,118,39,32.73,0.05,0,1,624
6571,387,8,9,132,45,32.58,0.05,0,1,624
6572,400,9,9,138,46,34.9,0.05,0,1,624
6573,367,9,9,130,41,33.73,0.05,0,1,624
6574,375,8,9,129,43,28.1,0.05,0,1,624
6575,360,9,9,118,42,23.3,0.05,0,1,624
6576,369,9,9,128,45,28.76,0.05,0,1,624
6577,333,9,9,126,39,34.07,0.05,0,1,624
6578,400,6,6,90,30,21.3,0.05,0,1,624
6579,400,7,7,116,36,28.15,0.05,0,1,624
6580,389,9,9,123,45,25.81,0.05,0,1,624
6581,374,9,9,123,44,29.51,0.05,0,1,624
6582,358,9,9,126,41,35.07,0.05,0,1,624
6583,400,9,9,127,47,30.4,0.05,0,1,624
6584,363,9,9,129,43,32.92,0.05,0,1,624
6585,378,8,9,123,44,28.77,0.05,0,1,624
6586,399,9,9,120,45,30.26,0.05,0,1,624
6587,400,7,7,118,39,28.45,0.05,0,1,624
6588,354,8,9,116,42,26.96,0.05,0,1,624
6589,330,9,9,121,39,32.9,0.05,0,1,624
6590,371,8,9,126,42,34.89,0.05,0,1,624
6591,400,0,0,0,0,-4.55,0.05,0,1,624
6592,395,8,9,125,46,31.25,0.05,0,1,624
6593,338,9,9,118,39,33.17,0.05,0,1,624
6594,329,8,8,119,40,20.81,0.05,1,0,624
6595,380,8,9,122,43,32.5,0.05,0,1,624
6596,360,9,9,122,41,33.2,0.05,0,1,624
6597,393,8,9,117,44,33.92,0.05,0,1,624
6598,391,8,9,135,46,32.34,0.05,0,1,624
6599,342,8,9,111,40,28.48,0.05,0,1,624
6600,370,9,9,127,43,32.55,0.05,0,1,624
6601,374,9,9,119,42,33.76,0.05,0,1,624
6602,382,8,9,140,42,36.28,0.05,0,1,624
6603,388,9,9,126,45,31.17,0.05,0,1,624
6604,400,6,6,115,36,29.8,0.05,0,1,624
6605,371,8,9,120,42,33.84,0.05,0,1,624
6606,400,9,9,126,48,27.5,0.05,0,1,624
6607,366,9,9,124,44,30.89,0.05,0,1,624
6608,367,9,9,122,40,34.08,0.05,0,1,624
6609,280,4,4,107,35,19.25,0.05,1,0,624
6610,363,8,9,126,43,31.67,0.05,0,1,624
6611,400,7,7,138,45,33.35,0.05,0,1,624
6612,355,9,9,126,40,34.4,0.05,0,1,624
6613,374,8,9,125,44,26.91,0.05,0,1,624
6614,389,9,9,124,45,29.41,0.05,0,1,624
6615,400,5,5,98,29,20.75,0.05,0,1,624
6616,362,8,9,126,41,32.48,0.05,0,1,624
6617,335,8,9,118,40,33.05,0.05,0,1,624
6618,356,8,9,120,43,27.59,0.05,0,1,624
6619,377,8,9,125,43,32.73,0.05,0,1,624
6620,400,7,7,113,40,25.4,0.05,0,1,624
6621,362,8,9,125,44,29.18,0.05,0,1,624
6622,400,6,6,68,22,14.0,0.05,0,1,624
6623,385,9,9,127,43,34.65,0.05,0,1,624
6624,379,9,9,122,44,30.61,0.05,0,1,624
6625,400,1,1,39,12,2.8,0.05,0,1,624
6626,400,2,2,39,10,4.65,0.05,0,1,624
6627,371,9,9,117,41,29.54,0.05,0,1,624
6628,340,9,9,114,40,31.5,0.05,0,1,624
6629,352,9,9,124,41,31.58,0.05,0,1,624
6630,345,9,9,125,41,30.8,0.05,0,1,624
6631,400,9,9,124,45,32.0,0.05,0,1,624
6632,366,9,9,125,43,32.79,0.05,0,1,624
6633,389,9,9,123,43,29.36,0.05,0,1,624
6634,400,9,9,136,45,37.5,0.05,0,1,624
6635,363,9,9,125,43,33.82,0.05,0,1,624
6636,368,8,9,131,41,35.07,0.05,0,1,624
6637,360,8,9,113,43,27.85,0.05,0,1,624
6638,346,9,9,125,40,32.44,0.05,0,1,624
6639,371,9,9,122,42,32.99,0.05,0,1,624
6640,329,8,9,120,40,28.06,0.05,0,1,624
6641,101,4,4,44,13,6.69,0.05,1,0,624
6642,400,9,9,122,43,33.3,0.05,0,1,624
6643,361,8,9,112,43,27.79,0.05,0,1,624
6644,394,9,9,132,44,34.26,0.05,0,1,624
6645,389,9,9,125,45,30.91,0.05,0,1,624
6646,369,9,9,123,43,32.76,0.05,0,1,624
6647,357,8,9,123,41,33.28,0.05,0,1,624
6648,335,9,9,122,38,30.35,0.05,0,1,624
6649,358,9,9,125,42,33.52,0.05,0,1,624
6650,389,8,9,124,43,29.76,0.05,0,1,624
6651,382,9,9,122,45,26.78,0.05,0,1,624
6652,389,8,9,131,45,30.91,0.05,0,1,624
6653,378,8,9,129,40,35.47,0.05,0,1,624
6654,350,8,9,132,41,33.75,0.05,0,1,624
6655,350,8,9,130,40,35.5,0.05,0,1,624
6656,352,9,9,118,41,30.53,0.05,0,1,624
6657,326,8,9,120,36,32.84,0.05,0,1,624
6658,375,9,9,127,43,30.85,0.05,0,1,624
6659,400,9,9,128,44,32.05,0.05,0,1,624
6660,382,9,9,126,43,35.43,0.05,0,1,624
6661,379,9,9,126,42,33.81,0.05,0,1,624
6662,400,9,9,122,37,36.95,0.05,0,1,624
6663,327,9,9,120,39,31.93,0.05,0,1,624
6664,391,9,9,126,46,29.94,0.05,0,1,624
6665,361,8,9,129,41,36.54,0.05,0,1,624
6666,342,8,9,124,39,28.98,0.05,0,1,624
6667,367,9,9,118,43,24.18,0.05,0,1,624
6668,323,8,9,132,40,36.37,0.05,0,1,624
6669,356,8,9,117,40,32.59,0.05,0,1,624
6670,394,8,9,133,43,32.86,0.05,0,1,624
6671,332,9,9,131,40,34.43,0.05,0,1,624
6672,352,8,9,128,42,33.28,0.05,0,1,624
6673,385,9,9,128,42,34.4,0.05,0,1,624
6674,365,8,9,128,43,32.65,0.05,0,1,624
6675,388,9,9,127,43,31.27,0.05,0,1,624
6676,364,8,9,122,41,31.31,0.05,0,1,624
6677,340,9,9,130,40,35.1,0.05,0,1,624
6678,353,8,9,123,42,30.02,0.05,0,1,624
6679,341,8,9,124,40,34.59,0.05,0,1,624
6680,396,9,9,133,46,35.64,0.05,0,1,624
6681,373,8,9,115,39,31.77,0.05,0,1,624
6682,311,9,9,135,37,38.09,0.05,0,1,624
6683,340,8,9,128,39,30.65,0.05,0,1,624
6684,392,9,9,132,45,33.58,0.05,0,1,624
6685,342,9,9,128,43,32.33,0.05,0,1,624
6686,378,9,9,130,46,28.87,0.05,0,1,624
6687,372,9,9,127,43,33.18,0.05,0,1,624
6688,400,1,1,52,19,3.6,0.05,0,1,624
6689,400,1,1,44,13,4.9,0.05,0,1,624
6690,349,8,9,121,40,30.16,0.05,0,1,624
6691,334,8,9,122,38,33.91,0.05,0,1,624
6692,348,9,9,108,39,26.22,0.05,0,1,624
6693,384,8,9,131,42,32.96,0.05,0,1,624
6694,368,8,9,123,43,31.72,0.05,0,1,624
6695,390,8,9,123,45,26.0,0.05,0,1,624
6696,380,9,9,122,43,29.3,0.05,0,1,624
6697,400,5,5,100,31,19.55,0.05,0,1,624
6698,400,9,9,121,45,33.55,0.05,0,1,624
6699,67,1,1,28,9,-1.07,0.05,1,0,624
6700,371,8,9,117,40,29.89,0.05,0,1,624
6701,349,9,9,123,41,30.21,0.05,0,1,624
6702,350,8,9,121,40,30.85,0.05,0,1,624
6703,367,9,9,125,44,29.18,0.05,0,1,624
6704,372,9,9,120,42,30.43,0.05,0,1,624
6705,400,9,9,116,44,32.3,0.05,0,1,624
6706,394,9,9,128,45,31.41,0.05,0,1,624
6707,27,0,0,7,4,-5.87,0.05,1,0,624
6708,358,9,9,117,41,30.87,0.05,0,1,624
6709,376,9,9,116,42,29.49,0.05,0,1,624
6710,362,8,9,121,42,31.13,0.05,0,1,624
6711,383,9,9,128,45,32.77,0.05,0,1,624
6712,356,9,9,126,42,32.39,0.05,0,1,624
6713,350,8,9,126,41,33.0,0.05,0,1,624
6714,385,9,9,117,43,24.15,0.05,0,1,624
6715,233,7,7,97,29,20.32,0.05,1,0,624
6716,397,8,9,127,46,29.88,0.05,0,1,624
6717,400,9,9,121,46,31.1,0.05,0,1,624
6718,376,8,9,121,43,28.59,0.05,0,1,624
6719,400,7,7,119,44,31.4,0.05,0,1,624
6720,351,9,9,119,40,25.84,0.05,0,1,624
6721,366,8,9,122,44,27.99,0.05,0,1,624
6722,382,8,9,120,46,22.18,0.05,0,1,624
6723,390,9,9,131,47,27.5,0.05,0,1,624
6724,357,9,9,127,40,34.33,0.05,0,1,624
6725,309,8,9,124,38,30.01,0.05,0,1,624
6726,44,1,1,22,6,-1.34,0.05,1,0,624
6727,396,9,9,124,43,31.49,0.05,0,1,624
6728,343,8,9,129,39,34.12,0.05,0,1,624
6729,362,9,9,128,41,34.33,0.05,0,1,624
6730,100,2,2,50,14,5.45,0.05,1,0,624
6731,400,8,8,117,44,29.8,0.05,0,1,624
6732,360,9,9,121,43,29.5,0.05,0,1,624
6733,400,4,4,96,30,23.55,0.05,0,1,624
6734,347,8,9,115,40,30.53,0.05,0,1,624
6735,378,8,9,128,42,34.07,0.05,0,1,624
6736,375,9,9,119,41,34.1,0.05,0,1,624
6737,20,0,0,5,3,-5.8,0.05,1,0,624
6738,368,9,9,129,43,34.22,0.05,0,1,624
6739,400,4,4,54,17,12.9,0.05,0,1,624
6740,339,8,9,112,38,29.41,0.05,0,1,624
6741,367,9,9,124,44,29.38,0.05,0,1,624
6742,337,8,9,124,41,30.98,0.05,0,1,624
6743,400,6,6,112,48,22.9,0.05,0,1,624
6744,27,0,0,12,4,-4.87,0.05,1,0,624
6745,379,9,9,122,42,28.61,0.05,0,1,624
6746,400,1,1,13,4,-1.55,0.05,0,1,624
6747,400,8,8,125,44,30.65,0.05,0,1,624
6748,361,9,9,128,41,34.59,0.05,0,1,624
6749,391,9,9,127,47,29.64,0.05,0,1,624
6750,370,9,9,128,44,27.35,0.05,0,1,624
6751,338,9,9,108,40,27.77,0.05,0,1,624
6752,388,9,9,123,43,26.27,0.05,0,1,624
6753,357,8,9,116,42,26.23,0.05,0,1,624
6754,400,8,8,113,41,25.9,0.05,0,1,624
6755,353,9,9,126,42,31.17,0.05,0,1,624
6756,355,9,9,123,43,28.0,0.05,0,1,624
6757,371,9,9,121,44,27.54,0.05,0,1,624
6758,363,8,9,125,42,33.87,0.05,0,1,624
6759,353,9,9,133,42,35.07,0.05,0,1,624
6760,365,9,9,121,44,28.25,0.05,0,1,624
6761,371,8,9,122,42,28.94,0.05,0,1,624
6762,27,0,0,11,4,-5.17,0.05,1,0,624
6763,344,9,9,122,39,30.61,0.05,0,1,624
6764,161,3,3,78,21,12.54,0.05,1,0,624
6765,342,8,9,120,40,32.38,0.05,0,1,624
6766,380,9,9,118,41,31.55,0.05,0,1,624
6767,379,9,9,131,44,33.31,0.05,0,1,624
6768,334,8,9,126,39,34.26,0.05,0,1,624
6769,379,8,9,135,43,35.06,0.05,0,1,624
6770,307,9,9,113,36,25.08,0.05,0,1,624
6771,400,9,9,124,45,32.6,0.05,0,1,624
6772,376,8,9,129,47,30.54,0.05,0,1,624
6773,346,8,9,125,40,31.79,0.05,0,1,624
6774,368,8,9,124,44,32.97,0.05,0,1,624
6775,400,8,8,104,31,25.65,0.05,0,1,624
6776,27,0,0,11,4,-5.62,0.05,1,0,624
6777,357,8,9,126,42,34.43,0.05,0,1,624
6778,395,9,9,124,46,31.35,0.05,0,1,624
6779,361,9,9,120,42,31.39,0.05,0,1,624
6780,400,0,0,0,0,-4.3,0.05,0,1,624
6781,65,0,0,33,9,1.0,0.05,1,0,624
6782,362,9,9,113,42,28.78,0.05,0,1,624
6783,378,8,9,125,41,31.77,0.05,0,1,624
6784,345,8,9,119,41,32.15,0.05,0,1,624
6785,370,8,9,133,42,36.55,0.05,0,1,624
6786,383,9,9,118,45,27.67,0.05,0,1,624
6787,375,8,9,125,43,30.8,0.05,0,1,624
6788,328,8,9,117,38,29.52,0.05,0,1,624
6789,360,9,9,121,41,32.45,0.05,0,1,624
6790,357,9,9,125,42,31.08,0.05,0,1,624
6791,400,0,0,14,5,-1.95,0.05,0,1,624
6792,377,9,9,115,43,31.48,0.05,0,1,624
6793,372,9,9,114,44,27.18,0.05,0,1,624
6794,364,9,9,119,44,27.11,0.05,0,1,624
6795,383,9,9,124,44,29.82,0.05,0,1,624
6796,379,9,9,126,43,32.66,0.05,0,1,624
6797,400,6,6,125,40,27.6,0.05,0,1,624
6798,360,8,9,122,43,32.75,0.05,0,1,624
6799,400,5,5,114,33,28.35,0.05,0,1,624
6800,333,9,9,118,38,29.42,0.05,0,1,624
6801,381,8,9,130,44,33.49,0.05,0,1,624
6802,400,8,9,123,45,29.15,0.05,0,1,624
6803,307,9,9,118,37,30.68,0.05,0,1,624
6804,27,0,0,13,4,-3.22,0.05,1,0,624
6805,355,9,9,124,42,31.0,0.05,0,1,624
6806,332,9,9,118,37,28.93,0.05,0,1,624
6807,400,7,7,100,30,25.7,0.05,0,1,624
6808,351,9,9,127,40,34.79,0.05,0,1,624
6809,400,5,5,87,28,18.5,0.05,0,1,624
6810,349,8,9,119,39,30.36,0.05,0,1,624
6811,386,9,9,115,44,32.09,0.05,0,1,624
6812,376,9,9,127,44,34.34,0.05,0,1,624
6813,321,8,9,121,37,32.64,0.05,0,1,624
6814,391,8,9,128,46,30.04,0.05,0,1,624
6815,339,9,9,125,41,32.41,0.05,0,1,624
6816,377,8,9,124,41,32.23,0.05,0,1,624
6817,381,9,9,130,47,29.74,0.05,0,1,624
6818,393,8,9,125,45,31.92,0.05,0,1,624
6819,378,8,9,134,43,36.52,0.05,0,1,624
6820,13,0,0,7,2,-4.68,0.05,1,0,624
6821,355,9,9,119,41,30.15,0.05,0,1,624
6822,400,7,7,118,42,26.3,0.05,0,1,624
6823,80,0,0,33,11,-0.95,0.05,1,0,624
6824,361,8,9,117,41,28.04,0.05,0,1,624
6825,355,8,9,116,41,33.0,0.05,0,1,624
6826,400,8,8,128,39,29.9,0.05,0,1,624
6827,345,8,9,122,41,32.0,0.05,0,1,624
6828,360,9,9,122,42,33.35,0.05,0,1,624
6829,400,5,5,79,23,18.25,0.05,0,1,624
6830,370,9,9,122,42,30.4,0.05,0,1,624
6831,370,9,9,120,43,27.4,0.05,0,1,624
6832,332,8,9,122,39,29.93,0.05,0,1,624
6833,363,8,9,127,43,28.57,0.05,0,1,624
6834,400,7,7,115,44,22.05,0.05,0,1,624
6835,400,0,0,44,13,4.7,0.05,0,1,624
6836,375,9,9,126,43,32.2,0.05,0,1,624
6837,371,8,9,119,45,26.59,0.05,0,1,624
6838,400,0,0,15,6,-3.45,0.05,0,1,624
6839,268,3,3,107,35,15.52,0.05,1,0,624
6840,368,8,9,130,43,32.87,0.05,0,1,624
6841,333,8,9,121,37,33.17,0.05,0,1,624
6842,361,8,9,114,41,26.69,0.05,0,1,624
6843,398,9,9,126,45,31.82,0.05,0,1,624
6844,381,8,9,122,42,32.69,0.05,0,1,624
6845,400,7,7,119,37,31.75,0.05,0,1,624
6846,354,9,9,120,42,32.06,0.05,0,1,624
6847,400,1,1,50,17,4.3,0.05,0,1,624
6848,369,9,9,117,43,29.06,0.05,0,1,624
6849,374,9,9,121,44,28.31,0.05,0,1,624
6850,354,9,9,124,42,33.46,0.05,0,1,624
6851,400,6,6,116,35,27.7,0.05,0,1,624
6852,343,8,9,119,40,30.52,0.05,0,1,624
6853,381,8,9,124,43,30.29,0.05,0,1,624
6854,15,0,0,8,2,-4.2,0.05,1,0,624
6855,359,9,9,119,42,30.46,0.05,0,1,624
6856,400,8,8,115,46,28.35,0.05,0,1,624
6857,344,9,9,121,41,32.11,0.05,0,1,624
6858,391,9,9,124,46,31.59,0.05,0,1,624
6859,332,8,9,121,38,33.18,0.05,0,1,624
6860,365,8,9,134,43,35.8,0.05,0,1,624
6861,383,8,9,121,45,26.87,0.05,0,1,624
6862,350,8,9,118,44,26.55,0.05,0,1,624
6863,365,9,9,121,40,31.35,0.05,0,1,624
6864,400,7,7,118,40,28.05,0.05,0,1,624
6865,400,8,8,120,47,21.95,0.05,0,1,624
6866,356,9,9,119,42,29.64,0.05,0,1,624
6867,347,9,9,115,39,29.88,0.05,0,1,624
6868,356,9,9,128,40,31.99,0.05,0,1,624
6869,378,8,9,135,44,34.67,0.05,0,1,624
6870,67,1,1,26,9,0.83,0.05,1,0,624
6871,370,9,9,131,44,34.25,0.05,0,1,624
6872,400,6,6,125,46,32.45,0.05,0,1,624
6873,357,9,9,119,41,31.98,0.05,0,1,624
6874,400,2,2,66,21,9.5,0.05,0,1,624
6875,397,8,9,130,45,34.33,0.05,0,1,624
6876,355,8,9,124,41,28.85,0.05,0,1,624
6877,371,8,9,113,44,24.24,0.05,0,1,624
6878,379,9,9,120,44,29.46,0.05,0,1,624
6879,353,8,9,118,37,34.62,0.05,0,1,624
6880,377,8,9,124,42,34.38,0.05,0,1,624
6881,400,4,4,59,18,10.55,0.05,0,1,624
6882,342,8,9,132,41,32.58,0.05,0,1,624
6883,380,8,9,125,42,35.45,0.05,0,1,624
6884,339,9,9,113,39,29.91,0.05,0,1,624
6885,393,9,9,122,46,27.47,0.05,0,1,624
6886,342,8,9,123,39,32.38,0.05,0,1,624
6887,360,9,9,123,42,27.6,0.05,0,1,624
6888,400,8,8,123,39,31.05,0.05,0,1,624
6889,333,8,9,114,39,31.87,0.05,0,1,624
6890,400,8,8,111,46,20.1,0.05,0,1,624
6891,20,0,0,7,3,-5.2,0.05,1,0,624
6892,355,8,9,117,40,31.85,0.05,0,1,624
6893,346,8,9,117,39,30.09,0.05,0,1,624
6894,370,8,9,122,41,34.8,0.05,0,1,624
6895,400,4,4,97,29,17.05,0.05,0,1,624
6896,387,8,9,124,43,32.23,0.05,0,1,624
6897,349,9,9,113,40,31.56,0.05,0,1,624
6898,400,5,5,108,36,22.5,0.05,0,1,624
6899,370,8,9,117,43,29.05,0.05,0,1,624
6900,370,8,9,124,43,31.5,0.05,0,1,624
6901,386,8,9,127,44,30.99,0.05,0,1,624
6902,355,8,9,125,42,32.05,0.05,0,1,624
6903,400,7,7,120,41,29.6,0.05,0,1,624
6904,27,0,0,11,4,-4.17,0.05,1,0,624
6905,348,8,9,115,42,24.57,0.05,0,1,624
6906,350,9,9,120,40,31.1,0.05,0,1,624
6907,383,9,9,121,44,28.02,0.05,0,1,624
6908,395,9,9,120,46,23.45,0.05,0,1,624
6909,400,9,9,123,42,26.65,0.05,0,1,624
6910,400,2,2,57,16,10.4,0.05,0,1,624
6911,42,1,1,19,6,-1.52,0.05,1,0,624
6912,372,9,9,123,44,29.43,0.05,0,1,624
6913,400,3,3,94,26,19.3,0.05,0,1,624
6914,400,8,8,118,43,31.65,0.05,0,1,624
6915,400,8,8,117,38,28.25,0.05,0,1,624
6916,390,8,9,122,45,24.2,0.05,0,1,624
6917,369,9,9,121,42,30.41,0.05,0,1,624
6918,366,8,9,123,41,32.79,0.05,0,1,624
6919,392,9,9,130,44,35.08,0.05,0,1,624
6920,355,9,9,121,42,29.8,0.05,0,1,624
6921,76,1,1,28,10,-0.56,0.05,1,0,624
6922,302,6,6,114,38,21.23,0.05,1,0,624
6923,400,2,2,51,14,8.45,0.05,0,1,624
6924,380,9,9,122,43,28.9,0.05,0,1,624
6925,400,1,1,14,4,-1.15,0.05,0,1,624
6926,338,8,9,128,40,33.57,0.05,0,1,624
6927,353,8,9,128,42,31.52,0.05,0,1,624
6928,373,9,9,127,42,30.37,0.05,0,1,624
6929,377,9,9,117,42,32.43,0.05,0,1,624
6930,400,9,9,123,45,32.55,0.05,0,1,624
6931,349,9,9,125,40,31.36,0.05,0,1,624
6932,363,9,9,127,43,31.62,0.05,0,1,624
6933,384,8,9,120,45,30.36,0.05,0,1,624
6934,365,9,9,121,41,33.05,0.05,0,1,624
6935,370,9,9,110,42,30.65,0.05,0,1,624
6936,400,0,0,25,7,2.1,0.05,0,1,624
6937,342,9,9,120,40,34.28,0.05,0,1,624
6938,374,8,9,122,44,29.06,0.05,0,1,624
6939,380,8,9,124,44,31.3,0.05,0,1,624
6940,400,8,8,119,41,26.65,0.05,0,1,624
6941,400,7,7,119,43,22.9,0.05,0,1,624
6942,374,9,9,131,43,36.61,0.05,0,1,624
6943,381,9,9,124,41,29.64,0.05,0,1,624
6944,376,8,9,119,45,29.54,0.05,0,1,624
6945,346,9,9,118,39,33.69,0.05,0,1,624
6946,349,9,9,125,42,31.56,0.05,0,1,624
6947,356,9,9,128,42,33.94,0.05,0,1,624
6948,363,8,9,114,42,29.07,0.05,0,1,624
6949,336,9,9,127,42,31.09,0.05,0,1,624
6950,379,8,9,123,43,30.61,0.05,0,1,624
6951,366,8,9,121,39,30.09,0.05,0,1,624
6952,322,8,9,131,38,35.23,0.05,0,1,624
6953,13,0,0,7,2,-4.68,0.05,1,0,624
6954,362,9,9,124,41,34.43,0.05,0,1,624
6955,326,9,9,124,39,31.49,0.05,0,1,624
6956,353,8,9,128,40,36.57,0.05,0,1,624
6957,352,8,9,120,42,29.43,0.05,0,1,624
6958,343,8,9,122,41,30.47,0.05,0,1,624
6959,400,5,5,77,27,15.2,0.05,0,1,624
6960,376,8,9,122,41,30.89,0.05,0,1,624
6961,338,9,9,118,41,27.12,0.05,0,1,624
6962,367,9,9,132,42,33.73,0.05,0,1,624
6963,376,9,9,126,45,28.49,0.05,0,1,624
6964,338,9,9,122,37,35.02,0.05,0,1,624
6965,381,9,9,132,44,31.84,0.05,0,1,624
6966,390,8,9,124,42,32.75,0.05,0,1,624
6967,386,9,9,122,44,32.04,0.05,0,1,624
6968,43,1,1,26,6,0.72,0.05,1,0,624
6969,400,8,8,123,45,26.5,0.05,0,1,624
6970,400,4,4,57,19,10.75,0.05,0,1,624
6971,356,9,9,119,41,28.24,0.05,0,1,624
6972,364,9,9,128,41,34.66,0.05,0,1,624
6973,366,9,9,119,40,33.29,0.05,0,1,624
6974,396,8,9,131,44,36.64,0.05,0,1,624
6975,400,9,9,129,44,34.2,0.05,0,1,624
6976,390,8,9,126,42,29.6,0.05,0,1,624
6977,400,8,8,125,47,30.0,0.05,0,1,624
6978,346,9,9,123,39,32.59,0.05,0,1,624
6979,230,5,5,88,29,14.5,0.05,1,0,624
6980,386,8,9,125,43,31.34,0.05,0,1,624
6981,396,8,9,123,46,24.69,0.05,0,1,624
6982,343,8,9,120,41,31.77,0.05,0,1,624
6983,341,8,9,119,41,30.79,0.05,0,1,624
6984,386,9,9,122,44,26.84,0.05,0,1,624
6985,400,9,9,130,44,34.55,0.05,0,1,624
6986,371,8,9,123,42,32.14,0.05,0,1,624
6987,380,9,9,132,44,34.6,0.05,0,1,624
6988,20,0,0,9,3,-5.1,0.05,1,0,624
6989,13,0,0,6,2,-4.98,0.05,1,0,624
6990,20,0,0,8,3,-5.3,0.05,1,0,624
6991,353,8,9,118,41,29.92,0.05,0,1,624
6992,304,8,9,112,34,31.41,0.05,0,1,624
6993,366,8,9,121,42,26.54,0.05,0,1,624
6994,400,4,4,57,17,12.9,0.05,0,1,624
6995,396,8,9,118,46,30.39,0.05,0,1,624
6996,400,8,8,130,43,33.15,0.05,0,1,624
6997,389,8,9,127,44,31.91,0.05,0,1,624
6998,333,9,9,124,39,29.47,0.05,0,1,624
6999,400,3,3,87,30,18.3,0.05,0,1,624
7000,27,0,0,12,4,-3.52,0.05,1,0,624
7001,352,8,9,120,42,30.63,0.05,0,1,624
7002,400,8,8,116,36,31.3,0.05,0,1,624
7003,374,9,9,126,42,31.31,0.05,0,1,624
7004,42,0,0,21,6,-1.92,0.05,1,0,624
7005,400,4,4,84,27,21.1,0.05,0,1,624
7006,386,8,9,126,43,31.14,0.05,0,1,624
7007,78,1,1,35,11,0.42,0.05,1,0,624
7008,354,8,9,126,39,36.01,0.05,0,1,624
7009,374,8,9,132,44,35.36,0.05,0,1,624
7010,400,2,2,61,16,11.5,0.05,0,1,624
7011,341,8,9,114,39,28.49,0.05,0,1,624
7012,371,8,9,120,42,30.34,0.05,0,1,624
7013,357,9,9,122,40,34.03,0.05,0,1,624
7014,347,8,9,124,42,32.33,0.05,0,1,624
7015,399,9,9,122,47,25.51,0.05,0,1,624
7016,373,9,9,123,42,34.52,0.05,0,1,624
7017,353,9,9,122,41,31.17,0.05,0,1,624
7018,348,8,9,132,42,28.27,0.05,0,1,624
7019,382,9,9,128,44,34.63,0.05,0,1,624
7020,400,9,9,129,43,37.35,0.05,0,1,624
7021,368,8,9,118,43,29.87,0.05,0,1,624
7022,351,9,9,128,41,33.14,0.05,0,1,624
7023,391,9,9,127,43,35.29,0.05,0,1,624
7024,364,9,9,121,43,34.26,0.05,0,1,624
7025,362,9,9,136,43,38.33,0.05,0,1,624
7026,363,8,9,123,40,33.97,0.05,0,1,624
7027,400,8,8,121,41,30.85,0.05,0,1,624
7028,328,8,9,123,36,35.22,0.05,0,1,624
7029,375,9,9,123,44,29.5,0.05,0,1,624
7030,364,8,9,123,43,30.21,0.05,0,1,624
7031,400,9,9,129,45,31.45,0.05,0,1,624
7032,382,8,9,125,45,26.83,0.05,0,1,624
7033,394,9,9,125,44,30.11,0.05,0,1,624
7034,365,9,9,132,43,28.8,0.05,0,1,624
7035,362,9,9,134,42,33.13,0.05,0,1,624
7036,400,8,8,110,33,31.7,0.05,0,1,624
7037,368,9,9,130,44,33.62,0.05,0,1,624
7038,365,9,9,121,42,33.1,0.05,0,1,624
7039,399,9,9,126,44,30.66,0.05,0,1,624
7040,365,8,9,117,43,28.45,0.05,0,1,624
7041,338,9,9,127,40,29.62,0.05,0,1,624
7042,388,8,9,140,45,34.27,0.05,0,1,624
7043,376,8,9,125,45,28.34,0.05,0,1,624
7044,400,8,8,128,44,35.35,0.05,0,1,624
7045,400,3,3,60,18,12.6,0.05,0,1,624
7046,400,6,6,101,35,25.2,0.05,0,1,624
7047,400,9,9,130,45,29.6,0.05,0,1,624
7048,382,8,9,133,46,32.28,0.05,0,1,624
7049,364,9,9,128,41,33.56,0.05,0,1,624
7050,396,9,9,126,48,30.54,0.05,0,1,624
7051,361,9,9,121,41,32.54,0.05,0,1,624
7052,400,0,0,0,0,-4.45,0.05,0,1,624
7053,375,9,9,121,42,30.35,0.05,0,1,624
7054,400,8,8,125,46,25.25,0.05,0,1,624
7055,389,8,9,124,43,32.16,0.05,0,1,624
7056,389,8,9,125,45,30.16,0.05,0,1,624
7057,375,9,9,136,42,36.15,0.05,0,1,624
7058,367,8,9,117,43,30.28,0.05,0,1,624
7059,352,8,9,120,40,31.93,0.05,0,1,624
7060,355,8,9,116,42,27.95,0.05,0,1,624
7061,13,0,0,5,2,-5.28,0.05,1,0,624
7062,373,9,9,122,45,27.47,0.05,0,1,624
7063,356,8,9,113,39,30.94,0.05,0,1,624
7064,325,8,9,114,38,26.85,0.05,0,1,624
7065,398,8,9,128,44,33.87,0.05,0,1,624
7066,361,9,9,126,42,33.84,0.05,0,1,624
7067,350,9,9,138,40,37.25,0.05,0,1,624
7068,374,8,9,122,43,30.21,0.05,0,1,624
7069,392,8,9,124,45,26.38,0.05,0,1,624
7070,321,9,9,122,37,31.24,0.05,0,1,624
7071,378,8,9,127,44,33.82,0.05,0,1,624
7072,367,9,9,124,41,30.18,0.05,0,1,624
7073,361,8,9,118,40,33.89,0.05,0,1,624
7074,400,7,7,109,43,25.0,0.05,0,1,624
7075,384,9,9,127,44,31.56,0.05,0,1,624
7076,354,8,9,119,43,30.31,0.05,0,1,624
7077,213,4,4,89,27,13.52,0.05,1,0,624
7078,375,8,9,131,44,33.35,0.05,0,1,624
7079,27,0,0,10,4,-5.57,0.05,1,0,624
7080,356,9,9,117,42,28.84,0.05,0,1,624
7081,365,9,9,126,42,34.25,0.05,0,1,624
7082,400,8,8,132,47,34.2,0.05,0,1,624
7083,364,8,9,111,41,26.86,0.05,0,1,624
7084,361,9,9,127,42,29.99,0.05,0,1,624
7085,357,8,9,124,44,30.53,0.05,0,1,624
7086,385,9,9,132,43,32.25,0.05,0,1,624
7087,400,8,8,124,40,28.95,0.05,0,1,624
7088,400,9,9,125,47,28.85,0.05,0,1,624
7089,400,7,7,132,43,26.35,0.05,0,1,624
7090,363,9,9,123,43,27.87,0.05,0,1,624
7091,400,2,2,45,15,6.65,0.05,0,1,624
7092,400,8,8,112,39,26.25,0.05,0,1,624
7093,361,9,9,117,42,28.69,0.05,0,1,624
7094,394,9,9,135,44,37.61,0.05,0,1,624
7095,327,9,9,121,38,29.03,0.05,0,1,624
7096,336,9,9,113,40,24.99,0.05,0,1,624
7097,373,9,9,120,41,34.82,0.05,0,1,624
7098,400,0,0,0,0,-4.4,0.05,0,1,624
7099,400,2,2,92,25,19.4,0.05,0,1,624
7100,400,9,9,119,45,31.85,0.05,0,1,624
7101,400,0,0,0,0,-4.2,0.05,0,1,624
7102,400,0,0,0,0,-4.65,0.05,0,1,624
7103,349,8,9,120,43,27.96,0.05,0,1,624
7104,366,8,9,115,43,27.24,0.05,0,1,624
7105,400,8,8,123,48,26.6,0.05,0,1,624
7106,387,9,9,121,44,32.33,0.05,0,1,624
7107,358,8,9,127,41,35.02,0.05,0,1,624
7108,341,8,9,130,41,34.34,0.05,0,1,624
7109,347,9,9,119,39,34.13,0.05,0,1,624
7110,397,8,9,127,44,34.73,0.05,0,1,624
7111,357,8,9,120,41,29.83,0.05,0,1,624
7112,400,2,2,38,12,3.35,0.05,0,1,624
7113,346,8,9,120,42,28.64,0.05,0,1,624
7114,27,0,0,13,4,-3.22,0.05,1,0,624
7115,368,8,9,125,41,31.57,0.05,0,1,624
7116,341,9,9,132,39,35.39,0.05,0,1,624
7117,389,8,9,122,44,28.16,0.05,0,1,624
7118,334,9,9,121,40,33.71,0.05,0,1,624
7119,351,8,9,119,41,31.39,0.05,0,1,624
7120,363,8,9,119,43,28.12,0.05,0,1,624
7121,397,8,9,128,46,28.43,0.05,0,1,624
7122,356,9,9,129,42,30.79,0.05,0,1,624
7123,356,9,9,123,43,28.59,0.05,0,1,624
7124,351,9,9,128,40,30.99,0.05,0,1,624
7125,400,7,7,115,35,29.1,0.05,0,1,624
7126,362,9,9,116,44,26.83,0.05,0,1,624
7127,373,8,9,124,42,33.57,0.05,0,1,624
7128,342,8,9,118,40,31.13,0.05,0,1,624
7129,396,9,9,122,46,29.99,0.05,0,1,624
7130,400,3,3,76,27,12.05,0.05,0,1,624
7131,390,9,9,123,44,31.8,0.05,0,1,624
7132,340,9,9,124,40,32.45,0.05,0,1,624
7133,366,9,9,122,41,30.94,0.05,0,1,624
7134,381,9,9,122,43,32.14,0.05,0,1,624
7135,371,8,9,121,44,24.84,0.05,0,1,624
7136,400,8,8,110,38,27.0,0.05,0,1,624
7137,366,8,9,119,44,29.69,0.05,0,1,624
7138,370,9,9,115,42,31.85,0.05,0,1,624
7139,376,9,9,127,42,29.89,0.05,0,1,624
7140,350,9,9,116,38,32.55,0.05,0,1,624
7141,13,0,0,6,2,-4.98,0.05,1,0,624
7142,400,2,2,43,13,6.25,0.05,0,1,624
7143,20,0,0,8,3,-5.4,0.05,1,0,624
7144,385,9,9,128,46,32.95,0.05,0,1,624
7145,362,9,9,124,40,34.58,0.05,0,1,624
7146,373,8,9,121,43,34.97,0.05,0,1,624
7147,374,8,9,109,42,27.56,0.05,0,1,624
7148,363,9,9,123,42,30.82,0.05,0,1,624
7149,339,9,9,125,38,31.16,0.05,0,1,624
7150,400,5,5,109,37,23.75,0.05,0,1,624
7151,367,8,9,122,41,34.03,0.05,0,1,624
7152,331,8,9,123,39,31.79,0.05,0,1,624
7153,400,4,4,94,34,13.05,0.05,0,1,624
7154,27,1,1,9,4,-4.67,0.05,1,0,624
7155,400,2,2,36,13,-2.35,0.05,0,1,624
7156,400,4,4,94,26,17.65,0.05,0,1,624
7157,20,0,0,7,3,-4.75,0.05,1,0,624
7158,387,8,9,133,43,35.53,0.05,0,1,624
7159,400,7,7,114,35,30.35,0.05,0,1,624
7160,386,9,9,127,44,29.04,0.05,0,1,624
7161,399,8,9,134,48,29.11,0.05,0,1,624
7162,349,9,9,118,42,29.11,0.05,0,1,624
7163,400,4,4,52,17,8.2,0.05,0,1,624
7164,371,9,9,120,42,30.84,0.05,0,1,624
7165,335,9,9,124,40,34.75,0.05,0,1,624
7166,347,8,9,115,41,26.53,0.05,0,1,624
7167,356,9,9,116,41,34.14,0.05,0,1,624
7168,400,9,9,126,46,32.35,0.05,0,1,624
7169,377,9,9,123,44,33.43,0.05,0,1,624
7170,400,5,5,97,29,19.8,0.05,0,1,624
7171,400,3,3,66,19,12.3,0.05,0,1,624
7172,400,9,9,124,46,30.75,0.05,0,1,624
7173,382,8,9,126,44,35.18,0.05,0,1,624
7174,367,8,9,121,42,29.33,0.05,0,1,624
7175,328,8,9,123,37,33.57,0.05,0,1,624
7176,382,9,9,132,43,35.63,0.05,0,1,624
7177,343,9,9,120,39,30.82,0.05,0,1,624
7178,364,8,9,114,40,26.51,0.05,0,1,624
7179,400,4,4,91,28,18.4,0.05,0,1,624
7180,380,8,9,129,44,34.95,0.05,0,1,624
7181,389,8,9,117,46,28.06,0.05,0,1,624
7182,358,9,9,118,41,30.02,0.05,0,1,624
7183,400,9,9,108,45,26.4,0.05,0,1,624
7184,354,9,9,118,42,29.81,0.05,0,1,624
7185,353,8,9,117,40,28.77,0.05,0,1,624
7186,353,9,9,123,40,32.92,0.05,0,1,624
7187,395,9,9,133,45,34.65,0.05,0,1,624
7188,400,4,4,114,39,20.65,0.05,0,1,624
7189,357,9,9,121,41,32.93,0.05,0,1,624
7190,356,8,9,127,42,33.24,0.05,0,1,624
7191,375,9,9,121,41,27.95,0.05,0,1,624
7192,382,8,9,115,43,33.28,0.05,0,1,624
7193,376,8,9,132,42,35.64,0.05,0,1,624
7194,362,9,9,129,44,32.18,0.05,0,1,624
7195,352,8,9,114,40,29.58,0.05,0,1,624
7196,400,7,7,120,38,29.4,0.05,0,1,624
7197,345,8,9,127,41,32.55,0.05,0,1,624
7198,331,9,9,120,39,29.99,0.05,0,1,624
7199,400,2,2,47,13,6.4,0.05,0,1,624
7200,391,9,9,120,44,28.14,0.05,0,1,624
7201,381,9,9,126,45,29.44,0.05,0,1,624
7202,400,9,9,126,42,36.8,0.05,0,1,624
7203,341,9,9,118,41,24.29,0.05,0,1,624
7204,354,8,9,120,40,32.81,0.05,0,1,624
7205,400,1,1,36,12,-3.85,0.05,0,1,624
7206,356,8,9,127,43,32.54,0.05,0,1,624
7207,373,8,9,130,44,34.07,0.05,0,1,624
7208,357,8,9,115,41,29.78,0.05,0,1,624
7209,371,8,9,120,44,27.69,0.05,0,1,624
7210,400,7,7,129,38,31.8,0.05,0,1,624
7211,366,8,9,123,43,29.94,0.05,0,1,624
7212,351,8,9,128,40,34.54,0.05,0,1,624
7213,263,6,6,101,33,21.37,0.05,1,0,624
7214,261,6,6,108,34,19.14,0.05,1,0,624
7215,387,8,9,126,45,29.23,0.05,0,1,624
7216,361,9,9,131,43,28.74,0.05,0,1,624
7217,366,9,9,129,42,35.94,0.05,0,1,624
7218,371,9,9,126,43,34.49,0.05,0,1,624
7219,368,9,9,129,42,34.97,0.05,0,1,624
7220,343,9,9,113,40,26.12,0.05,0,1,624
7221,343,8,9,120,41,27.17,0.05,0,1,624
7222,400,2,2,101,30,15.95,0.05,0,1,624
7223,394,8,9,134,44,39.26,0.05,0,1,624
7224,345,9,9,121,39,31.55,0.05,0,1,624
7225,400,5,5,118,40,24.8,0.05,0,1,624
7226,366,9,9,111,39,32.44,0.05,0,1,624
7227,389,9,9,116,45,23.41,0.05,0,1,624
7228,341,9,9,116,39,31.09,0.05,0,1,624
7229,384,8,9,121,46,26.31,0.05,0,1,624
7230,400,9,9,118,46,26.15,0.05,0,1,624
7231,400,5,5,61,18,9.25,0.05,0,1,624
7232,376,9,9,122,45,31.04,0.05,0,1,624
7233,384,9,9,134,43,37.31,0.05,0,1,624
7234,354,8,9,124,42,34.66,0.05,0,1,624
7235,368,9,9,128,41,30.62,0.05,0,1,624
7236,365,8,9,124,42,30.05,0.05,0,1,624
7237,354,8,9,117,40,32.26,0.05,0,1,624
7238,379,9,9,118,43,28.71,0.05,0,1,624
7239,383,8,9,122,44,30.27,0.05,0,1,624
7240,380,9,9,128,43,33.1,0.05,0,1,624
7241,378,9,9,122,44,31.32,0.05,0,1,624
7242,366,9,9,121,40,29.79,0.05,0,1,624
7243,135,0,0,66,17,7.25,0.05,1,0,624
7244,378,9,9,124,41,34.27,0.05,0,1,624
7245,344,8,9,123,40,34.36,0.05,0,1,624
7246,400,2,2,61,18,9.75,0.05,0,1,624
7247,340,8,9,121,40,30.2,0.05,0,1,624
7248,381,8,9,123,43,30.24,0.05,0,1,624
7249,363,9,9,131,43,34.42,0.05,0,1,624
7250,366,9,9,126,42,33.29,0.05,0,1,624
7251,351,9,9,122,41,30.84,0.05,0,1,624
7252,271,5,5,105,34,17.19,0.05,1,0,624
7253,400,6,6,129,40,31.2,0.05,0,1,624
7254,386,8,9,131,43,34.79,0.05,0,1,624
7255,400,6,6,104,34,23.15,0.05,0,1,624
7256,372,8,9,126,41,32.58,0.05,0,1,624
7257,375,9,9,121,43,30.1,0.05,0,1,624
7258,372,9,9,121,42,28.08,0.05,0,1,624
7259,356,9,9,123,41,28.29,0.05,0,1,624
7260,377,8,9,121,43,34.13,0.05,0,1,624
7261,316,8,8,119,38,26.59,0.05,1,0,624
7262,380,8,9,132,43,34.75,0.05,0,1,624
7263,367,8,9,122,41,33.63,0.05,0,1,624
7264,367,9,9,130,44,32.48,0.05,0,1,624
7265,339,8,9,118,39,31.11,0.05,0,1,624
7266,363,8,9,119,42,28.27,0.05,0,1,624
7267,378,9,9,126,43,29.82,0.05,0,1,624
7268,400,9,9,120,46,30.45,0.05,0,1,624
7269,351,8,9,119,40,33.14,0.05,0,1,624
7270,339,8,9,113,40,28.96,0.05,0,1,624
7271,365,8,9,127,42,32.7,0.05,0,1,624
7272,363,9,9,114,42,27.42,0.05,0,1,624
7273,361,8,9,127,44,29.89,0.05,0,1,624
7274,351,9,9,120,40,34.14,0.05,0,1,624
7275,386,8,9,129,46,28.24,0.05,0,1,624
7276,400,9,9,126,46,33.8,0.05,0,1,624
7277,378,9,9,120,42,31.72,0.05,0,1,624
7278,392,9,9,124,46,33.28,0.05,0,1,624
7279,400,9,9,120,47,31.55,0.05,0,1,624
7280,378,8,9,132,40,36.02,0.05,0,1,624
7281,357,8,9,118,42,31.23,0.05,0,1,624
7282,332,9,9,121,40,29.38,0.05,0,1,624
7283,364,9,9,131,41,32.41,0.05,0,1,624
7284,13,0,0,7,2,-4.68,0.05,1,0,624
7285,400,4,4,71,25,13.9,0.05,0,1,624
7286,375,8,9,126,43,34.1,0.05,0,1,624
7287,400,1,1,19,6,0.85,0.05,0,1,624
7288,371,8,9,117,41,34.24,0.05,0,1,624
7289,370,9,9,121,40,33.05,0.05,0,1,624
7290,400,0,0,56,19,6.05,0.05,0,1,624
7291,400,7,7,107,33,23.3,0.05,0,1,624
7292,380,8,9,117,43,30.75,0.05,0,1,624
7293,396,9,9,127,46,29.29,0.05,0,1,624
7294,340,9,9,114,41,27.55,0.05,0,1,624
7295,348,8,9,123,39,29.27,0.05,0,1,624
7296,344,8,9,123,41,28.26,0.05,0,1,624
7297,361,9,9,121,43,26.99,0.05,0,1,624
7298,384,9,9,119,45,31.41,0.05,0,1,624
7299,343,9,9,126,40,34.52,0.05,0,1,624
7300,400,6,6,121,40,23.05,0.05,0,1,624
7301,354,8,9,126,41,34.81,0.05,0,1,624
7302,355,8,9,126,41,33.6,0.05,0,1,624
7303,378,8,9,123,42,34.67,0.05,0,1,624
7304,351,9,9,129,40,34.14,0.05,0,1,624
7305,377,9,9,119,42,30.68,0.05,0,1,624
7306,356,9,9,124,42,31.44,0.05,0,1,624
7307,382,9,9,119,46,22.88,0.05,0,1,624
7308,344,8,9,121,37,33.36,0.05,0,1,624
7309,369,9,9,131,41,34.56,0.05,0,1,624
7310,384,9,9,124,42,33.36,0.05,0,1,624
7311,400,8,8,125,46,30.9,0.05,0,1,624
7312,353,8,9,118,39,28.02,0.05,0,1,624
7313,349,9,9,122,40,32.71,0.05,0,1,624
7314,350,8,9,123,39,33.65,0.05,0,1,624
7315,400,9,9,133,46,30.45,0.05,0,1,624
7316,383,9,9,121,45,30.32,0.05,0,1,624
7317,400,1,1,49,15,5.15,0.05,0,1,624
7318,234,4,4,84,29,12.71,0.05,1,0,624
7319,400,7,7,125,40,28.75,0.05,0,1,624
7320,371,9,9,126,42,32.64,0.05,0,1,624
7321,400,4,4,94,30,19.15,0.05,0,1,624
7322,356,8,9,118,42,29.04,0.05,0,1,624
7323,366,9,9,125,43,32.74,0.05,0,1,624
7324,328,9,9,127,37,32.82,0.05,0,1,624
7325,342,8,9,124,39,33.18,0.05,0,1,624
7326,372,8,9,122,43,30.38,0.05,0,1,624
7327,400,9,9,124,46,31.75,0.05,0,1,624
7328,336,9,9,131,38,35.44,0.05,0,1,624
7329,344,9,9,129,41,33.61,0.05,0,1,624
7330,338,9,9,118,39,32.07,0.05,0,1,624
7331,357,8,9,120,43,28.28,0.05,0,1,624
7332,358,8,9,127,41,32.72,0.05,0,1,624
7333,385,9,9,128,43,30.2,0.05,0,1,624
7334,400,2,2,48,15,4.9,0.05,0,1,624
7335,338,9,9,124,39,31.37,0.05,0,1,624
7336,362,8,9,120,41,31.53,0.05,0,1,624
7337,373,9,9,132,40,34.32,0.05,0,1,624
7338,358,9,9,129,42,32.97,0.05,0,1,624
7339,353,8,9,116,41,29.07,0.05,0,1,624
7340,349,9,9,126,42,32.41,0.05,0,1,624
7341,326,9,9,116,39,29.94,0.05,0,1,624
7342,358,8,9,116,41,26.97,0.05,0,1,624
7343,378,8,9,127,43,31.27,0.05,0,1,624
7344,364,9,9,123,42,31.51,0.05,0,1,624
7345,349,9,9,129,40,32.66,0.05,0,1,624
7346,387,9,9,127,43,35.23,0.05,0,1,624
7347,372,9,9,127,45,30.63,0.05,0,1,624
7348,350,8,9,112,40,29.2,0.05,0,1,624
7349,375,9,9,124,45,30.9,0.05,0,1,624
7350,371,9,9,119,44,26.59,0.05,0,1,624
7351,346,8,9,121,41,33.84,0.05,0,1,624
7352,13,0,0,7,2,-4.68,0.05,1,0,624
7353,349,9,9,121,41,32.26,0.05,0,1,624
7354,363,8,9,128,42,33.02,0.05,0,1,624
7355,363,8,9,123,43,29.42,0.05,0,1,624
7356,349,9,9,108,39,28.46,0.05,0,1,624
7357,362,9,9,117,41,28.63,0.05,0,1,624
7358,354,9,9,125,41,32.11,0.05,0,1,624
7359,330,8,9,112,37,29.75,0.05,0,1,624
7360,383,8,9,127,44,30.67,0.05,0,1,624
7361,367,9,9,135,44,32.53,0.05,0,1,624
7362,363,8,9,112,42,27.02,0.05,0,1,624
7363,372,9,9,124,44,32.13,0.05,0,1,624
7364,374,8,9,118,42,29.91,0.05,0,1,624
7365,389,8,9,116,42,30.61,0.05,0,1,624
7366,346,9,9,127,40,36.59,0.05,0,1,624
7367,349,8,9,117,38,32.21,0.05,0,1,624
7368,387,9,9,126,46,31.68,0.05,0,1,624
7369,328,9,9,114,37,31.22,0.05,0,1,624
7370,381,9,9,120,45,32.39,0.05,0,1,624
7371,358,8,9,125,43,30.42,0.05,0,1,624
7372,352,9,9,119,40,28.88,0.05,0,1,624
7373,369,8,9,138,43,33.71,0.05,0,1,624
7374,400,8,9,114,45,29.55,0.05,0,1,624
7375,400,8,8,134,46,32.55,0.05,0,1,624
7376,343,8,9,117,39,32.32,0.05,0,1,624
7377,400,9,9,127,47,30.95,0.05,0,1,624
7378,374,9,9,115,44,23.46,0.05,0,1,624
7379,357,9,9,120,41,29.33,0.05,0,1,624
7380,354,8,9,120,42,29.21,0.05,0,1,624
7381,29,1,1,14,4,-2.09,0.05,1,0,624
7382,348,8,9,119,39,31.27,0.05,0,1,624
7383,400,0,0,49,15,4.0,0.05,0,1,624
7384,389,9,9,122,46,30.06,0.05,0,1,624
7385,317,8,9,117,37,32.73,0.05,0,1,624
7386,332,8,9,123,40,31.13,0.05,0,1,624
7387,400,4,4,57,18,11.25,0.05,0,1,624
7388,359,9,9,123,42,31.76,0.05,0,1,624
7389,350,9,9,121,41,27.75,0.05,0,1,624
7390,319,8,9,128,39,32.21,0.05,0,1,624
7391,374,9,9,111,41,29.96,0.05,0,1,624
7392,388,9,9,114,44,27.22,0.05,0,1,624
7393,400,7,7,128,46,29.35,0.05,0,1,624
7394,370,8,9,112,42,27.2,0.05,0,1,624
7395,370,9,9,122,42,31.1,0.05,0,1,624
7396,361,8,9,120,41,33.89,0.05,0,1,624
7397,400,0,0,0,0,-4.45,0.05,0,1,624
7398,381,9,9,129,45,33.24,0.05,0,1,624
7399,398,8,9,126,46,33.42,0.05,0,1,624
7400,363,9,9,114,40,29.67,0.05,0,1,624
7401,353,9,9,133,40,35.92,0.05,0,1,624
7402,400,9,9,118,43,31.7,0.05,0,1,624
7403,336,8,9,121,40,34.24,0.05,0,1,624
7404,400,8,9,129,46,29.8,0.05,0,1,624
7405,400,7,7,124,40,28.0,0.05,0,1,624
7406,400,0,0,0,0,-4.4,0.05,0,1,624
7407,377,8,9,128,43,32.13,0.05,0,1,624
7408,353,9,9,120,40,33.12,0.05,0,1,624
7409,400,1,1,44,14,3.45,0.05,0,1,624
7410,391,9,9,137,44,39.79,0.05,0,1,624
7411,366,9,9,130,41,33.19,0.05,0,1,624
7412,344,9,9,127,40,31.61,0.05,0,1,624
7413,368,9,9,118,42,30.57,0.05,0,1,624
7414,362,9,9,124,41,33.23,0.05,0,1,624
7415,27,0,0,10,4,-4.82,0.05,1,0,624
7416,366,9,9,123,41,33.64,0.05,0,1,624
7417,400,4,4,84,26,16.3,0.05,0,1,624
7418,349,9,9,112,40,29.41,0.05,0,1,624
7419,400,9,9,121,46,27.45,0.05,0,1,624
7420,400,9,9,127,47,28.85,0.05,0,1,624
7421,346,8,9,124,40,32.64,0.05,0,1,624
7422,376,8,9,124,43,31.19,0.05,0,1,624
7423,336,8,9,126,38,29.54,0.05,0,1,624
7424,400,0,0,0,0,-4.7,0.05,0,1,624
7425,400,4,4,91,30,18.4,0.05,0,1,624
7426,364,8,9,129,43,30.56,0.05,0,1,624
7427,400,2,2,57,17,8.75,0.05,0,1,624
7428,375,9,9,121,44,28.7,0.05,0,1,624
7429,368,9,9,120,42,30.92,0.05,0,1,624
7430,400,0,0,48,14,2.55,0.05,0,1,624
7431,346,9,9,125,41,32.49,0.05,0,1,624
7432,358,9,9,123,42,33.27,0.05,0,1,624
7433,400,8,8,122,39,31.05,0.05,0,1,624
7434,350,9,9,124,40,33.1,0.05,0,1,624
7435,380,8,9,133,43,35.95,0.05,0,1,624
7436,345,9,9,115,39,29.3,0.05,0,1,624
7437,372,9,9,123,43,28.43,0.05,0,1,624
7438,371,8,9,132,42,34.24,0.05,0,1,624
7439,400,4,4,94,28,21.65,0.05,0,1,624
7440,356,9,9,116,40,31.24,0.05,0,1,624
7441,342,9,9,113,40,27.63,0.05,0,1,624
7442,389,8,9,125,44,33.56,0.05,0,1,624
7443,324,9,9,114,38,30.26,0.05,0,1,624
7444,368,9,9,120,43,32.22,0.05,0,1,624
7445,386,9,9,128,45,34.34,0.05,0,1,624
7446,354,8,9,127,41,32.01,0.05,0,1,624
7447,363,8,9,124,42,30.87,0.05,0,1,624
7448,27,0,0,11,4,-5.12,0.05,1,0,624
7449,374,9,9,121,42,32.16,0.05,0,1,624
7450,398,9,9,126,45,31.07,0.05,0,1,624
7451,400,2,2,48,16,5.85,0.05,0,1,624
7452,337,8,9,137,41,34.33,0.05,0,1,624
7453,400,8,8,123,39,31.95,0.05,0,1,624
7454,378,9,9,120,41,31.67,0.05,0,1,624
7455,400,3,3,60,16,11.9,0.05,0,1,624
7456,346,9,9,127,40,35.59,0.05,0,1,624
7457,397,8,9,127,43,32.03,0.05,0,1,624
7458,400,6,6,68,21,16.1,0.05,0,1,624
7459,365,9,9,129,43,27.8,0.05,0,1,624
7460,13,0,0,7,2,-5.13,0.05,1,0,624
7461,382,8,9,121,42,33.58,0.05,0,1,624
7462,400,7,7,121,42,27.75,0.05,0,1,624
7463,390,8,9,127,43,31.55,0.05,0,1,624
7464,359,9,9,129,41,33.61,0.05,0,1,624
7465,357,9,9,128,41,33.58,0.05,0,1,624
7466,382,9,9,117,44,29.68,0.05,0,1,624
7467,353,8,9,129,40,34.92,0.05,0,1,624
7468,333,8,9,114,37,31.52,0.05,0,1,624
7469,379,8,9,129,45,32.16,0.05,0,1,624
7470,341,9,9,123,40,31.04,0.05,0,1,624
7471,396,9,9,121,45,29.04,0.05,0,1,624
7472,349,8,9,113,42,24.86,0.05,0,1,624
7473,386,9,9,115,42,31.84,0.05,0,1,624
7474,400,1,1,26,7,1.5,0.05,0,1,624
7475,400,5,5,98,32,20.6,0.05,0,1,624
7476,395,8,9,129,45,36.55,0.05,0,1,624
7477,375,9,9,127,43,33.15,0.05,0,1,624
7478,341,8,9,124,40,29.19,0.05,0,1,624
7479,359,9,9,119,42,25.21,0.05,0,1,624
7480,393,9,9,121,45,27.52,0.05,0,1,624
7481,400,6,6,101,36,21.75,0.05,0,1,624
7482,134,3,3,58,17,8.01,0.05,1,0,624
7483,349,8,9,126,40,35.41,0.05,0,1,624
7484,359,8,9,115,40,28.66,0.05,0,1,624
7485,361,9,9,121,41,31.74,0.05,0,1,624
7486,400,2,2,47,13,6.5,0.05,0,1,624
7487,372,9,9,131,44,32.33,0.05,0,1,624
7488,400,8,9,127,45,34.6,0.05,0,1,624
7489,351,8,9,120,40,30.84,0.05,0,1,624
7490,368,9,9,122,45,26.02,0.05,0,1,624
7491,362,9,9,111,41,27.28,0.05,0,1,624
7492,400,8,8,119,38,30.3,0.05,0,1,624
7493,400,8,8,122,44,30.45,0.05,0,1,624
7494,400,5,5,117,38,26.75,0.05,0,1,624
7495,400,4,4,37,13,5.45,0.05,0,1,624
7496,375,8,9,120,44,27.45,0.05,0,1,624
7497,385,9,9,133,44,34.25,0.05,0,1,624
7498,194,2,2,87,25,9.76,0.05,1,0,624
7499,355,9,9,119,41,32.35,0.05,0,1,624
7500,400,6,6,106,32,23.1,0.05,0,1,624
7501,383,8,9,125,42,31.17,0.05,0,1,624
7502,338,8,9,122,40,35.22,0.05,0,1,624
7503,400,7,7,113,40,24.5,0.05,0,1,624
7504,344,9,9,123,39,29.01,0.05,0,1,624
7505,400,8,8,126,46,31.6,0.05,0,1,624
7506,372,8,9,126,43,27.33,0.05,0,1,624
7507,382,8,9,125,43,28.08,0.05,0,1,624
7508,319,8,9,132,39,33.66,0.05,0,1,624
7509,384,9,9,131,45,28.66,0.05,0,1,624
7510,345,9,9,121,39,33.7,0.05,0,1,624
7511,367,9,9,138,44,32.58,0.05,0,1,624
7512,373,9,9,131,43,33.87,0.05,0,1,624
7513,352,9,9,124,42,31.53,0.05,0,1,624
7514,363,9,9,115,42,26.52,0.05,0,1,624
7515,318,8,9,121,37,33.92,0.05,0,1,624
7516,315,7,7,116,38,22.85,0.05,1,0,624
7517,363,8,9,119,44,25.72,0.05,0,1,624
7518,27,0,0,10,4,-4.87,0.05,1,0,624
7519,390,9,9,125,47,28.55,0.05,0,1,624
7520,348,8,9,125,41,29.27,0.05,0,1,624
7521,353,8,9,117,42,29.12,0.05,0,1,624
7522,400,4,4,89,27,19.3,0.05,0,1,624
7523,395,8,9,127,45,36.7,0.05,0,1,624
7524,377,9,9,130,43,32.88,0.05,0,1,624
7525,386,9,9,125,43,30.34,0.05,0,1,624
7526,359,8,9,116,41,34.36,0.05,0,1,624
7527,364,8,9,121,40,32.01,0.05,0,1,624
7528,400,5,5,100,29,18.95,0.05,0,1,624
7529,369,8,9,122,44,29.21,0.05,0,1,624
7530,357,9,9,118,41,27.23,0.05,0,1,624
7531,378,9,9,118,46,27.87,0.05,0,1,624
7532,299,9,9,115,35,31.61,0.05,0,1,624
7533,375,9,9,120,45,28.65,0.05,0,1,624
7534,355,9,9,123,42,32.75,0.05,0,1,624
7535,390,9,9,130,44,31.75,0.05,0,1,624
7536,356,9,9,121,42,26.24,0.05,0,1,624
7537,342,8,9,127,41,31.13,0.05,0,1,624
7538,393,9,9,113,45,28.52,0.05,0,1,624
7539,395,9,9,126,45,30.95,0.05,0,1,624
7540,400,9,9,130,44,33.1,0.05,0,1,624
7541,350,9,9,129,39,33.4,0.05,0,1,624
7542,361,8,9,108,41,25.24,0.05,0,1,624
7543,362,9,9,124,41,30.43,0.05,0,1,624
7544,354,8,9,124,40,37.11,0.05,0,1,624
7545,384,8,9,130,43,34.41,0.05,0,1,624
7546,371,8,9,125,44,32.19,0.05,0,1,624
7547,334,9,9,127,40,35.56,0.05,0,1,624
7548,373,8,9,124,42,30.67,0.05,0,1,624
7549,393,9,9,125,45,31.52,0.05,0,1,624
7550,342,8,9,115,41,25.93,0.05,0,1,624
7551,80,2,2,40,11,4.2,0.05,1,0,624
7552,400,4,4,50,16,7.65,0.05,0,1,624
7553,373,9,9,129,44,31.67,0.05,0,1,624
7554,364,9,9,121,43,26.66,0.05,0,1,624
7555,400,9,9,125,44,31.2,0.05,0,1,624
7556,369,9,9,125,43,31.26,0.05,0,1,624
7557,360,8,9,123,41,31.85,0.05,0,1,624
7558,378,9,9,129,45,30.67,0.05,0,1,624
7559,400,7,7,130,45,32.95,0.05,0,1,624
7560,358,9,9,123,40,34.87,0.05,0,1,624
7561,350,8,9,124,41,30.65,0.05,0,1,624
7562,400,7,7,134,44,30.95,0.05,0,1,624
7563,370,8,9,121,42,32.5,0.05,0,1,624
7564,372,8,9,125,42,32.78,0.05,0,1,624
7565,348,9,9,124,40,32.22,0.05,0,1,624
7566,376,8,9,112,43,29.54,0.05,0,1,624
7567,356,8,9,110,40,31.19,0.05,0,1,624
7568,400,9,9,132,41,37.2,0.05,0,1,624
7569,317,9,9,136,37,37.43,0.05,0,1,624
7570,400,4,4,90,29,16.15,0.05,0,1,624
7571,361,8,9,120,41,29.44,0.05,0,1,624
7572,384,9,9,114,42,28.01,0.05,0,1,624
7573,337,9,9,119,38,30.78,0.05,0,1,624
7574,385,8,9,127,46,29.5,0.05,0,1,624
7575,359,8,9,120,42,31.21,0.05,0,1,624
7576,365,9,9,123,43,29.1,0.05,0,1,624
7577,369,8,9,124,44,30.26,0.05,0,1,624
7578,395,9,9,126,44,25.55,0.05,0,1,624
7579,392,8,9,122,43,34.53,0.05,0,1,624
7580,397,9,9,121,44,33.18,0.05,0,1,624
7581,355,8,9,129,42,34.6,0.05,0,1,624
7582,354,8,9,124,41,34.76,0.05,0,1,624
7583,153,1,1,66,20,8.32,0.05,1,0,624
7584,350,9,9,129,40,32.1,0.05,0,1,624
7585,358,9,9,120,41,27.92,0.05,0,1,624
7586,400,7,7,111,37,26.25,0.05,0,1,624
7587,381,9,9,131,43,34.74,0.05,0,1,624
7588,367,8,9,124,44,33.63,0.05,0,1,624
7589,360,8,9,121,42,31.5,0.05,0,1,624
7590,318,7,7,124,40,25.72,0.05,1,0,624
7591,400,5,5,108,34,20.2,0.05,0,1,624
7592,344,8,9,123,41,29.26,0.05,0,1,624
7593,397,8,9,115,42,29.53,0.05,0,1,624
7594,355,8,9,122,41,31.75,0.05,0,1,624
7595,83,3,3,36,12,-1.33,0.05,1,0,624
7596,373,8,9,128,41,36.32,0.05,0,1,624
7597,354,8,9,124,41,33.11,0.05,0,1,624
7598,337,8,9,123,39,30.38,0.05,0,1,624
7599,357,9,9,115,42,26.78,0.05,0,1,624
7600,110,2,2,48,15,4.0,0.05,1,0,624
7601,337,8,9,128,39,34.73,0.05,0,1,624
7602,370,8,9,137,42,33.35,0.05,0,1,624
7603,390,9,9,133,44,36.25,0.05,0,1,624
7604,398,8,9,125,43,32.17,0.05,0,1,624
7605,389,9,9,122,43,33.11,0.05,0,1,624
7606,391,9,9,136,46,30.59,0.05,0,1,624
7607,379,8,9,118,43,30.31,0.05,0,1,624
7608,372,8,9,128,42,30.63,0.05,0,1,624
7609,400,7,7,127,44,27.05,0.05,0,1,624
7610,361,8,9,125,41,29.89,0.05,0,1,624
7611,352,8,9,123,42,26.73,0.05,0,1,624
7612,372,9,9,129,44,31.43,0.05,0,1,624
7613,314,3,3,120,39,20.96,0.05,1,0,624
7614,358,9,9,124,41,31.17,0.05,0,1,624
7615,360,9,9,118,41,29.75,0.05,0,1,624
7616,370,8,9,115,43,27.7,0.05,0,1,624
7617,400,0,0,0,0,-4.65,0.05,0,1,624
7618,381,9,9,117,42,28.44,0.05,0,1,624
7619,367,9,9,124,42,33.53,0.05,0,1,624
7620,384,9,9,121,43,31.16,0.05,0,1,624
7621,345,9,9,125,39,33.0,0.05,0,1,624
7622,382,9,9,127,43,31.23,0.05,0,1,624
7623,400,2,2,65,20,9.35,0.05,0,1,624
7624,396,8,9,134,44,31.54,0.05,0,1,624
7625,392,9,9,117,44,27.43,0.05,0,1,624
7626,354,8,9,129,41,34.46,0.05,0,1,624
7627,350,9,9,121,42,31.6,0.05,0,1,624
7628,386,9,9,126,45,23.99,0.05,1,0,626
7629,400,8,8,125,38,28.95,0.05,0,1,626
7630,354,8,9,114,40,31.36,0.05,0,1,626
7631,367,9,9,118,40,33.28,0.05,0,1,626
7632,390,9,9,124,43,29.95,0.05,0,1,626
7633,356,9,9,123,41,30.99,0.05,0,1,626
7634,352,8,9,123,41,33.93,0.05,0,1,626
7635,373,9,9,121,43,29.07,0.05,0,1,626
7636,13,0,0,4,2,-5.58,0.05,1,0,626
7637,332,8,9,119,39,29.93,0.05,0,1,626
7638,400,9,9,124,43,30.1,0.05,0,1,626
7639,386,8,9,120,45,28.59,0.05,0,1,626
7640,363,9,9,128,43,27.87,0.05,0,1,626
7641,364,9,9,124,40,32.26,0.05,0,1,626
7642,327,9,9,130,39,34.43,0.05,0,1,626
7643,350,9,9,104,41,29.05,0.05,0,1,626
7644,388,8,9,132,42,36.22,0.05,0,1,626
7645,399,9,9,134,47,32.41,0.05,0,1,626
7646,400,8,8,137,43,34.3,0.05,0,1,626
7647,365,9,9,117,44,26.4,0.05,0,1,626
7648,386,9,9,120,42,31.44,0.05,0,1,626
7649,400,7,7,119,43,27.3,0.05,0,1,626
7650,334,8,8,117,40,26.51,0.05,1,0,626
7651,356,8,9,120,41,32.79,0.05,0,1,626
7652,358,9,9,124,41,29.77,0.05,0,1,626
7653,400,6,6,68,20,15.7,0.05,0,1,626
7654,393,8,9,133,47,32.92,0.05,0,1,626
7655,355,9,9,128,41,34.15,0.05,0,1,626
7656,353,9,9,116,40,28.92,0.05,0,1,626
7657,167,1,1,73,22,8.18,0.05,1,0,626
7658,378,8,9,122,43,31.47,0.05,0,1,626
7659,361,8,9,121,42,32.79,0.05,0,1,626
7660,368,8,9,126,42,35.37,0.05,0,1,626
7661,373,9,9,122,42,30.42,0.05,0,1,626
7662,377,9,9,134,44,30.48,0.05,0,1,626
7663,386,8,9,124,42,33.34,0.05,0,1,626
7664,390,9,9,118,42,32.4,0.05,0,1,626
7665,367,8,9,125,43,32.48,0.05,0,1,626
7666,374,9,9,126,42,36.71,0.05,0,1,626
7667,386,9,9,128,45,28.44,0.05,0,1,626
7668,383,9,9,119,44,28.67,0.05,0,1,626
7669,393,9,9,130,47,30.47,0.05,0,1,626
7670,367,8,9,130,41,34.93,0.05,0,1,626
7671,352,8,9,117,38,29.03,0.05,0,1,626
7672,400,9,9,128,43,34.45,0.05,0,1,626
7673,400,2,2,37,12,-2.2,0.05,0,1,626
7674,376,8,9,127,44,26.94,0.05,0,1,626
7675,45,1,1,26,6,1.05,0.05,1,0,626
7676,375,9,9,127,43,31.3,0.05,0,1,626
7677,364,8,9,122,43,29.46,0.05,0,1,626
7678,366,8,9,125,42,31.79,0.05,0,1,626
7679,400,8,8,100,33,25.6,0.05,0,1,626
7680,346,9,9,123,41,30.54,0.05,0,1,626
7681,344,8,9,119,38,31.96,0.05,0,1,626
7682,355,8,9,125,43,31.35,0.05,0,1,626
7683,400,0,0,0,0,-4.45,0.05,0,1,626
7684,400,3,3,62,17,13.25,0.05,0,1,626
7685,370,8,9,135,44,34.3,0.05,0,1,626
7686,400,8,8,132,44,34.85,0.05,0,1,626
7687,400,0,0,52,15,5.75,0.05,0,1,626
7688,345,8,9,121,40,31.35,0.05,0,1,626
7689,332,9,9,118,39,27.63,0.05,0,1,626
7690,400,4,4,71,21,14.8,0.05,0,1,626
7691,400,1,1,53,15,8.7,0.05,0,1,626
7692,351,8,9,119,41,31.04,0.05,0,1,626
7693,400,4,4,49,15,9.85,0.05,0,1,626
7694,395,9,9,118,44,26.9,0.05,0,1,626
7695,363,9,9,115,44,25.72,0.05,0,1,626
7696,369,9,9,123,42,29.31,0.05,0,1,626
7697,400,9,9,133,47,35.05,0.05,0,1,626
7698,342,8,9,120,41,28.23,0.05,0,1,626
7699,330,9,9,115,39,30.2,0.05,0,1,626
7700,399,8,9,122,44,33.01,0.05,0,1,626
7701,346,9,9,121,40,29.84,0.05,0,1,626
7702,375,8,9,130,45,31.75,0.05,0,1,626
7703,400,9,9,118,39,32.0,0.05,0,1,626
7704,375,9,9,127,43,33.4,0.05,0,1,626
7705,389,8,9,122,43,27.71,0.05,0,1,626
7706,364,9,9,119,42,31.86,0.05,0,1,626
7707,400,7,7,121,45,22.7,0.05,0,1,626
7708,344,8,9,123,41,33.31,0.05,0,1,626
7709,366,8,9,121,42,33.34,0.05,0,1,626
7710,400,6,6,109,32,27.8,0.05,0,1,626
7711,400,8,8,120,40,33.75,0.05,0,1,626
7712,361,8,9,121,41,32.19,0.05,0,1,626
7713,377,8,9,121,45,29.53,0.05,0,1,626
7714,400,6,6,102,36,17.8,0.05,0,1,626
7715,386,8,9,128,44,33.94,0.05,0,1,626
7716,379,9,9,132,43,35.21,0.05,0,1,626
7717,400,7,7,125,38,33.05,0.05,0,1,626
7718,363,8,9,125,40,35.27,0.05,0,1,626
7719,400,7,7,131,47,27.65,0.05,0,1,626
7720,394,8,9,122,44,29.31,0.05,0,1,626
7721,356,9,9,122,42,28.44,0.05,0,1,626
7722,370,8,9,131,42,32.25,0.05,0,1,626
7723,350,9,9,123,41,30.65,0.05,0,1,626
7724,354,9,9,127,41,31.36,0.05,0,1,626
7725,369,9,9,124,44,33.11,0.05,0,1,626
7726,347,9,9,127,41,30.78,0.05,0,1,626
7727,315,8,9,129,38,32.4,0.05,0,1,626
7728,362,9,9,120,40,33.38,0.05,0,1,626
7729,390,8,9,127,45,32.2,0.05,0,1,626
7730,376,8,9,121,42,31.14,0.05,0,1,626
7731,368,9,9,121,41,32.97,0.05,0,1,626
7732,388,8,9,124,44,25.27,0.05,0,1,626
7733,400,8,8,115,37,28.4,0.05,0,1,626
7734,326,9,9,118,38,29.84,0.05,0,1,626
7735,380,9,9,123,43,33.9,0.05,0,1,626
7736,346,9,9,117,39,29.84,0.05,0,1,626
7737,366,9,9,112,42,25.74,0.05,0,1,626
7738,381,8,9,117,44,27.24,0.05,0,1,626
7739,400,8,8,131,44,33.1,0.05,0,1,626
7740,395,8,9,128,42,33.85,0.05,0,1,626
7741,370,9,9,125,43,32.35,0.05,0,1,626
7742,376,9,9,122,42,31.04,0.05,0,1,626
7743,376,9,9,118,42,28.39,0.05,0,1,626
7744,377,9,9,125,43,30.73,0.05,0,1,626
7745,400,8,8,117,40,30.2,0.05,0,1,626
7746,378,8,9,134,45,28.17,0.05,0,1,626
7747,350,8,9,119,40,28.0,0.05,0,1,626
7748,347,8,9,123,39,34.58,0.05,0,1,626
7749,400,9,9,118,42,23.55,0.05,0,1,626
7750,365,8,9,117,43,30.25,0.05,0,1,626
7751,374,9,9,129,42,34.86,0.05,0,1,626
7752,400,9,9,137,45,34.0,0.05,0,1,626
7753,375,8,9,134,44,33.65,0.05,0,1,626
7754,381,8,9,128,41,35.99,0.05,0,1,626
7755,320,6,6,121,41,16.8,0.05,1,0,626
7756,372,8,9,125,44,26.83,0.05,0,1,626
7757,341,8,9,121,40,28.74,0.05,0,1,626
7758,399,9,9,121,45,33.71,0.05,0,1,626
7759,363,9,9,123,43,29.82,0.05,0,1,626
7760,400,4,4,93,29,18.0,0.05,0,1,626
7761,49,2,2,25,7,-2.04,0.05,1,0,626
7762,348,8,9,123,40,28.92,0.05,0,1,626
7763,391,9,9,129,44,33.44,0.05,0,1,626
7764,332,9,9,111,38,28.33,0.05,0,1,626
7765,370,9,9,119,44,25.15,0.05,0,1,626
7766,367,8,9,133,40,35.93,0.05,0,1,626
7767,400,6,6,113,37,25.1,0.05,0,1,626
7768,370,8,9,131,45,32.2,0.05,0,1,626
7769,354,8,9,129,42,31.26,0.05,0,1,626
7770,343,8,9,123,40,32.42,0.05,0,1,626
7771,359,9,9,116,40,29.26,0.05,0,1,626
7772,345,9,9,129,40,34.7,0.05,0,1,626
7773,400,0,0,26,8,-0.45,0.05,0,1,626
7774,378,9,9,128,43,36.92,0.05,0,1,626
7775,376,8,9,126,41,31.59,0.05,0,1,626
7776,400,6,6,126,36,29.15,0.05,0,1,626
7777,366,8,9,120,42,28.94,0.05,0,1,626
7778,368,8,9,113,44,28.12,0.05,0,1,626
7779,356,9,9,126,38,33.69,0.05,0,1,626
7780,400,2,2,20,7,0.9,0.05,0,1,626
7781,400,8,8,119,46,29.05,0.05,0,1,626
7782,400,0,0,61,17,7.9,0.05,0,1,626
7783,365,9,9,112,41,29.85,0.05,0,1,626
7784,365,8,9,128,45,29.4,0.05,0,1,626
7785,361,9,9,122,42,33.54,0.05,0,1,626
7786,400,6,6,97,30,23.35,0.05,0,1,626
7787,359,8,9,121,39,30.41,0.05,0,1,626
7788,363,9,9,122,42,30.82,0.05,0,1,626
7789,350,9,9,129,39,34.75,0.05,0,1,626
7790,382,9,9,128,45,32.18,0.05,0,1,626
7791,367,8,9,124,42,31.73,0.05,0,1,626
7792,400,2,2,38,11,4.7,0.05,0,1,626
7793,363,9,9,122,44,30.27,0.05,0,1,626
7794,373,9,9,124,43,33.12,0.05,0,1,626
7795,369,8,9,124,42,27.36,0.05,0,1,626
7796,379,8,9,120,42,33.91,0.05,0,1,626
7797,369,9,9,122,41,31.71,0.05,0,1,626
7798,400,0,0,33,12,-5.0,0.05,0,1,626
7799,376,9,9,130,42,35.39,0.05,0,1,626
7800,351,8,9,124,42,31.34,0.05,0,1,626
7801,383,8,9,130,46,30.02,0.05,0,1,626
7802,344,9,9,121,38,32.51,0.05,0,1,626
7803,347,8,9,116,39,27.98,0.05,0,1,626
7804,375,8,9,118,43,31.6,0.05,0,1,626
7805,338,9,9,124,39,29.47,0.05,0,1,626
7806,395,8,9,124,46,30.85,0.05,0,1,626
7807,326,8,9,123,37,34.89,0.05,0,1,626
7808,390,8,9,126,44,30.6,0.05,0,1,626
7809,103,1,1,39,13,1.12,0.05,1,0,626
7810,400,9,9,126,44,35.7,0.05,0,1,626
7811,354,9,9,121,39,34.06,0.05,0,1,626
7812,349,8,9,123,41,34.56,0.05,0,1,626
7813,375,9,9,107,42,27.35,0.05,0,1,626
7814,372,8,9,129,44,28.98,0.05,0,1,626
7815,370,9,9,124,44,29.9,0.05,0,1,626
7816,383,9,9,123,44,30.77,0.05,0,1,626
7817,363,9,9,128,39,34.42,0.05,0,1,626
7818,349,8,9,133,41,34.71,0.05,0,1,626
7819,400,7,7,111,38,28.85,0.05,0,1,626
7820,361,9,9,120,45,26.74,0.05,0,1,626
7821,325,9,9,114,38,26.15,0.05,0,1,626
7822,344,9,9,117,41,28.56,0.05,0,1,626
7823,356,9,9,125,43,27.69,0.05,0,1,626
7824,362,8,9,122,42,30.98,0.05,0,1,626
7825,391,8,9,119,43,32.29,0.05,0,1,626
7826,400,1,1,46,13,3.7,0.05,0,1,626
7827,400,1,1,29,8,2.3,0.05,0,1,626
7828,400,9,9,131,42,30.85,0.05,0,1,626
7829,380,9,9,120,45,25.0,0.05,0,1,626
7830,371,9,9,129,42,33.44,0.05,0,1,626
7831,356,9,9,126,42,33.64,0.05,0,1,626
7832,363,9,9,127,41,32.37,0.05,0,1,626
7833,400,8,8,120,43,26.75,0.05,0,1,626
7834,355,8,9,120,40,32.05,0.05,0,1,626
7835,349,9,9,117,41,27.31,0.05,0,1,626
7836,378,8,9,124,42,31.12,0.05,0,1,626
7837,335,9,9,133,38,37.6,0.05,0,1,626
7838,372,8,9,133,43,36.08,0.05,0,1,626
7839,362,9,9,120,42,31.98,0.05,0,1,626
7840,354,8,9,118,43,27.86,0.05,0,1,626
7841,383,8,9,124,44,31.32,0.05,0,1,626
7842,356,9,9,116,40,33.89,0.05,0,1,626
7843,347,9,9,120,39,32.88,0.05,0,1,626
7844,360,8,9,124,42,28.75,0.05,0,1,626
7845,359,8,9,125,43,27.96,0.05,0,1,626
7846,400,0,0,17,6,-1.85,0.05,0,1,626
7847,400,6,6,116,40,26.65,0.05,0,1,626
7848,385,9,9,120,44,29.15,0.05,0,1,626
7849,372,9,9,132,42,37.73,0.05,0,1,626
7850,361,8,9,123,41,27.44,0.05,0,1,626
7851,400,9,9,128,47,34.9,0.05,0,1,626
7852,355,9,9,130,42,37.75,0.05,0,1,626
7853,400,8,8,116,41,27.8,0.05,0,1,626
7854,400,5,5,62,21,11.4,0.05,0,1,626
7855,384,8,9,125,44,30.76,0.05,0,1,626
7856,400,0,0,17,5,-1.15,0.05,0,1,626
7857,400,6,6,91,24,23.0,0.05,0,1,626
7858,375,9,9,123,43,33.15,0.05,0,1,626
7859,352,8,9,126,42,28.93,0.05,0,1,626
7860,340,9,9,120,41,31.3,0.05,0,1,626
7861,366,8,9,123,41,33.64,0.05,0,1,626
7862,384,8,9,132,43,35.26,0.05,0,1,626
7863,347,9,9,121,42,31.43,0.05,0,1,626
7864,400,8,8,128,44,30.9,0.05,0,1,626
7865,91,1,1,49,12,6.04,0.05,1,0,626
7866,382,8,9,122,44,29.18,0.05,0,1,626
7867,339,8,9,136,39,36.56,0.05,0,1,626
7868,369,9,9,123,41,33.81,0.05,0,1,626
7869,380,9,9,124,44,30.05,0.05,0,1,626
7870,391,9,9,122,40,35.94,0.05,0,1,626
7871,378,9,9,125,40,36.32,0.05,0,1,626
7872,343,8,9,118,40,33.52,0.05,0,1,626
7873,400,0,0,51,13,6.55,0.05,0,1,626
7874,367,9,9,132,42,32.03,0.05,0,1,626
7875,391,8,9,125,43,34.59,0.05,0,1,626
7876,400,8,8,114,45,26.85,0.05,0,1,626
7877,166,2,2,74,22,9.34,0.05,1,0,626
7878,368,9,9,118,42,33.62,0.05,0,1,626
7879,366,8,9,129,44,29.14,0.05,0,1,626
7880,378,8,9,123,42,30.67,0.05,0,1,626
7881,350,8,9,127,41,32.5,0.05,0,1,626
7882,400,7,7,92,30,23.8,0.05,0,1,626
7883,359,8,9,117,39,32.71,0.05,0,1,626
7884,388,8,9,131,43,35.92,0.05,0,1,626
7885,400,3,3,89,29,16.0,0.05,0,1,626
7886,368,8,9,124,43,28.87,0.05,0,1,626
7887,400,1,1,35,10,3.95,0.05,0,1,626
7888,400,3,3,50,15,7.1,0.05,0,1,626
7889,368,9,9,118,43,29.62,0.05,0,1,626
7890,393,8,9,129,45,35.02,0.05,0,1,626
7891,347,9,9,120,40,32.43,0.05,0,1,626
7892,380,8,9,118,43,28.7,0.05,0,1,626
7893,400,2,2,51,15,8.5,0.05,0,1,626
7894,352,9,9,119,41,32.68,0.05,0,1,626
7895,349,8,9,121,40,30.01,0.05,0,1,626
7896,307,6,6,111,37,22.48,0.05,1,0,626
7897,400,3,3,97,29,18.8,0.05,0,1,626
7898,356,8,9,127,42,29.99,0.05,0,1,626
7899,337,8,9,123,40,31.38,0.05,0,1,626
7900,336,8,9,115,39,28.59,0.05,0,1,626
7901,321,8,9,114,36,31.84,0.05,0,1,626
7902,371,9,9,129,42,33.89,0.05,0,1,626
7903,400,2,2,35,13,-1.05,0.05,0,1,626
7904,344,8,9,124,40,34.16,0.05,0,1,626
7905,359,9,9,126,40,34.41,0.05,0,1,626
7906,20,1,1,8,3,-4.8,0.05,1,0,626
7907,363,8,9,124,41,33.62,0.05,0,1,626
7908,400,8,8,133,39,35.5,0.05,0,1,626
7909,382,9,9,116,43,29.73,0.05,0,1,626
7910,380,9,9,122,43,30.35,0.05,0,1,626
7911,356,8,9,109,41,29.49,0.05,0,1,626
7912,381,9,9,124,45,31.84,0.05,0,1,626
7913,392,8,9,124,47,26.13,0.05,0,1,626
7914,400,7,7,122,42,32.1,0.05,0,1,626
7915,357,8,9,127,42,31.98,0.05,0,1,626
7916,362,9,9,125,43,32.33,0.05,0,1,626
7917,392,8,9,128,45,27.28,0.05,0,1,626
7918,352,8,9,116,40,29.33,0.05,0,1,626
7919,364,9,9,132,44,29.26,0.05,0,1,626
7920,361,8,9,125,43,31.29,0.05,0,1,626
7921,364,9,9,121,41,32.01,0.05,0,1,626
7922,369,8,9,120,42,30.56,0.05,0,1,626
7923,345,8,9,116,41,29.6,0.05,0,1,626
7924,381,8,9,121,44,29.99,0.05,0,1,626
7925,357,8,9,129,42,33.03,0.05,0,1,626
7926,347,9,9,123,41,31.23,0.05,0,1,626
7927,400,9,9,125,46,34.1,0.05,0,1,626
7928,375,9,9,125,45,30.1,0.05,0,1,626
7929,332,9,9,121,40,34.98,0.05,0,1,626
7930,383,8,9,123,43,31.92,0.05,0,1,626
7931,342,9,9,123,41,30.48,0.05,0,1,626
7932,340,9,9,127,40,35.75,0.05,0,1,626
7933,378,8,9,121,42,28.97,0.05,0,1,626
7934,400,8,8,106,36,27.45,0.05,0,1,626
7935,400,8,9,119,43,30.55,0.05,0,1,626
7936,366,9,9,115,39,30.79,0.05,0,1,626
7937,400,0,0,48,15,3.25,0.05,0,1,626
7938,400,1,1,57,16,6.55,0.05,0,1,626
7939,377,8,9,118,43,29.18,0.05,0,1,626
7940,370,9,9,113,43,28.55,0.05,0,1,626
7941,378,9,9,129,44,33.17,0.05,0,1,626
7942,325,9,9,120,37,35.85,0.05,0,1,626
7943,333,9,9,117,40,32.07,0.05,0,1,626
7944,374,8,9,126,41,34.61,0.05,0,1,626
7945,379,9,9,119,41,31.41,0.05,0,1,626
7946,400,5,5,93,31,21.45,0.05,0,1,626
7947,400,0,0,43,12,2.9,0.05,0,1,626
7948,338,9,9,116,37,30.87,0.05,0,1,626
7949,400,9,9,130,47,32.85,0.05,0,1,626
7950,364,8,9,125,40,31.96,0.05,0,1,626
7951,344,8,9,125,39,30.96,0.05,0,1,626
7952,368,9,9,125,40,33.62,0.05,0,1,626
7953,352,8,9,115,39,31.53,0.05,0,1,626
7954,350,9,9,134,40,35.7,0.05,0,1,626
7955,343,9,9,115,37,31.22,0.05,0,1,626
7956,289,3,3,104,37,17.56,0.05,1,0,626
7957,360,9,9,116,39,24.95,0.05,0,1,626
7958,400,1,1,47,12,6.25,0.05,0,1,626
7959,370,8,9,128,42,32.15,0.05,0,1,626
7960,392,9,9,129,45,30.93,0.05,0,1,626
7961,400,7,7,121,46,29.25,0.05,0,1,626
7962,192,4,4,84,25,16.03,0.05,1,0,626
7963,400,0,0,49,15,4.3,0.05,0,1,626
7964,381,8,9,120,43,27.09,0.05,0,1,626
7965,364,8,9,124,42,32.36,0.05,0,1,626
7966,379,9,9,119,42,29.31,0.05,0,1,626
7967,372,9,9,122,42,30.38,0.05,0,1,626
7968,400,1,1,68,20,11.35,0.05,0,1,626
7969,368,9,9,124,43,28.12,0.05,0,1,626
7970,369,8,9,128,42,34.71,0.05,0,1,626
7971,396,9,9,121,44,33.34,0.05,0,1,626
7972,384,9,9,127,43,31.81,0.05,0,1,626
7973,400,4,4,78,26,15.5,0.05,0,1,626
7974,350,8,9,126,42,30.25,0.05,0,1,626
7975,384,8,9,106,41,25.51,0.05,0,1,626
7976,400,6,6,98,30,24.45,0.05,0,1,626
7977,34,1,1,15,5,-3.79,0.05,1,0,626
7978,338,8,9,133,40,34.87,0.05,0,1,626
7979,345,8,9,117,39,33.35,0.05,0,1,626
7980,400,7,7,97,29,24.9,0.05,0,1,626
7981,358,8,9,128,44,32.32,0.05,0,1,626
7982,400,0,0,18,5,-1.0,0.05,0,1,626
7983,27,0,0,11,4,-5.07,0.05,1,0,626
7984,341,8,9,121,41,32.59,0.05,0,1,626
7985,362,8,9,124,41,32.93,0.05,0,1,626
7986,400,4,4,97,27,23.1,0.05,0,1,626
7987,400,0,0,39,12,1.95,0.05,0,1,626
7988,375,9,9,116,43,32.15,0.05,0,1,626
7989,357,9,9,123,43,32.88,0.05,0,1,626
7990,313,9,9,110,36,32.52,0.05,0,1,626
7991,354,8,9,121,40,29.81,0.05,0,1,626
7992,71,0,0,41,10,0.19,0.05,1,0,626
7993,369,8,9,122,42,32.36,0.05,0,1,626
7994,400,1,1,38,12,1.8,0.05,0,1,626
7995,394,8,9,126,46,29.51,0.05,0,1,626
7996,340,9,9,117,35,34.75,0.05,0,1,626
7997,331,9,9,123,40,33.14,0.05,0,1,626
7998,383,9,9,123,44,28.42,0.05,0,1,626
7999,353,8,9,123,39,32.12,0.05,0,1,626
8000,400,1,1,44,12,3.9,0.05,0,1,626
8001,333,9,9,120,39,25.82,0.05,1,0,626
8002,13,0,0,6,2,-4.98,0.05,1,0,626
8003,371,8,9,122,42,30.74,0.05,0,1,626
8004,359,9,9,121,39,34.06,0.05,0,1,626
8005,347,8,9,131,40,34.78,0.05,0,1,626
8006,353,9,9,124,38,33.72,0.05,0,1,626
8007,366,8,9,126,42,29.89,0.05,0,1,626
8008,349,9,9,120,41,31.56,0.05,0,1,626
8009,359,9,9,128,42,29.26,0.05,0,1,626
8010,400,8,8,121,43,28.6,0.05,0,1,626
8011,375,8,9,127,42,31.5,0.05,0,1,626
8012,363,8,9,130,42,32.27,0.05,0,1,626
8013,400,3,3,59,21,7.7,0.05,0,1,626
8014,378,9,9,127,42,32.07,0.05,0,1,626
8015,367,9,9,123,39,34.18,0.05,0,1,626
8016,355,8,9,122,41,29.15,0.05,0,1,626
8017,400,9,9,130,40,35.2,0.05,0,1,626
8018,367,9,9,116,41,30.63,0.05,0,1,626
8019,395,8,9,120,45,32.4,0.05,0,1,626
8020,362,8,9,125,44,30.18,0.05,0,1,626
8021,389,8,9,119,42,29.16,0.05,0,1,626
8022,400,7,7,125,46,25.9,0.05,0,1,626
8023,379,8,9,123,46,25.86,0.05,0,1,626
8024,366,8,9,129,41,30.99,0.05,0,1,626
8025,283,5,5,105,36,15.12,0.05,1,0,626
8026,400,1,1,20,7,-1.2,0.05,0,1,626
8027,400,7,7,84,26,20.9,0.05,0,1,626
8028,400,8,8,131,39,35.85,0.05,0,1,626
8029,400,3,3,55,16,9.9,0.05,0,1,626
8030,385,8,9,136,44,35.45,0.05,0,1,626
8031,373,8,9,125,42,33.12,0.05,0,1,626
8032,351,8,9,128,41,33.09,0.05,0,1,626
8033,369,9,9,128,44,29.31,0.05,0,1,626
8034,27,0,0,12,4,-4.92,0.05,1,0,626
8035,349,8,9,128,40,34.81,0.05,0,1,626
8036,20,0,0,10,3,-4.8,0.05,1,0,626
8037,367,9,9,118,43,29.28,0.05,0,1,626
8038,361,8,9,125,42,32.09,0.05,0,1,626
8039,338,9,9,119,41,24.87,0.05,0,1,626
8040,375,8,9,127,41,36.6,0.05,0,1,626
8041,400,7,7,102,35,25.5,0.05,0,1,626
8042,377,9,9,125,42,32.08,0.05,0,1,626
8043,358,8,9,124,42,31.57,0.05,0,1,626
8044,400,2,2,52,16,8.4,0.05,0,1,626
8045,365,9,9,123,43,29.95,0.05,0,1,626
8046,350,8,9,130,41,32.3,0.05,0,1,626
8047,400,9,9,124,39,33.25,0.05,0,1,626
8048,357,9,9,116,40,28.98,0.05,0,1,626
8049,400,4,4,98,32,17.8,0.05,0,1,626
8050,319,8,9,109,37,22.66,0.05,0,1,626
8051,359,8,9,122,43,30.46,0.05,0,1,626
8052,365,8,9,121,42,26.9,0.05,0,1,626
8053,400,1,1,13,4,-1.9,0.05,0,1,626
8054,329,9,9,120,39,30.66,0.05,0,1,626
8055,377,9,9,130,46,30.98,0.05,0,1,626
8056,367,8,9,127,40,33.58,0.05,0,1,626
8057,376,9,9,126,43,30.09,0.05,0,1,626
8058,330,9,9,121,38,33.0,0.05,0,1,626
8059,345,9,9,128,40,33.8,0.05,0,1,626
8060,319,8,9,119,38,28.91,0.05,0,1,626
8061,354,9,9,127,40,32.11,0.05,0,1,626
8062,379,9,9,123,42,30.61,0.05,0,1,626
8063,371,8,9,115,42,28.74,0.05,0,1,626
8064,260,6,6,105,32,21.15,0.05,1,0,626
8065,355,8,9,124,42,29.85,0.05,0,1,626
8066,347,8,9,116,41,30.28,0.05,0,1,626
8067,381,9,9,125,44,31.24,0.05,0,1,626
8068,377,9,9,122,40,34.88,0.05,0,1,626
8069,400,8,8,126,42,33.9,0.05,0,1,626
8070,351,9,9,134,40,35.19,0.05,0,1,626
8071,359,8,9,122,42,30.01,0.05,0,1,626
8072,345,9,9,113,40,27.95,0.05,0,1,626
8073,345,8,9,114,40,26.8,0.05,0,1,626
8074,369,9,9,124,43,34.01,0.05,0,1,626
8075,391,9,9,129,46,31.09,0.05,0,1,626
8076,400,5,5,111,32,27.8,0.05,0,1,626
8077,400,4,4,90,30,14.75,0.05,0,1,626
8078,378,9,9,121,45,29.97,0.05,0,1,626
8079,371,9,9,119,42,30.94,0.05,0,1,626
8080,363,8,9,117,40,31.52,0.05,0,1,626
8081,400,4,4,62,18,13.4,0.05,0,1,626
8082,358,8,9,138,42,36.52,0.05,0,1,626
8083,400,9,9,123,45,30.7,0.05,0,1,626
8084,400,6,6,110,35,28.85,0.05,0,1,626
8085,378,8,9,116,43,31.12,0.05,0,1,626
8086,400,9,9,134,42,38.95,0.05,0,1,626
8087,400,3,3,42,13,4.25,0.05,0,1,626
8088,359,8,9,125,43,35.31,0.05,0,1,626
8089,378,8,9,127,45,28.92,0.05,0,1,626
8090,369,9,9,120,42,30.01,0.05,0,1,626
8091,354,9,9,123,41,33.01,0.05,0,1,626
8092,381,8,9,120,45,28.24,0.05,0,1,626
8093,400,6,6,116,41,26.75,0.05,0,1,626
8094,288,5,5,113,34,21.62,0.05,1,0,626
8095,341,9,9,116,41,31.54,0.05,0,1,626
8096,395,9,9,114,46,26.2,0.05,0,1,626
8097,366,9,9,119,42,30.24,0.05,0,1,626
8098,371,8,9,127,44,33.14,0.05,0,1,626
8099,375,8,9,124,44,30.2,0.05,0,1,626
8100,337,9,9,119,40,29.53,0.05,0,1,626
8101,376,8,9,116,41,30.24,0.05,0,1,626
8102,400,6,6,121,37,28.0,0.05,0,1,626
8103,369,8,9,118,42,31.51,0.05,0,1,626
8104,331,8,9,107,38,28.54,0.05,0,1,626
8105,365,9,9,124,41,32.9,0.05,0,1,626
8106,387,8,9,128,44,34.68,0.05,0,1,626
8107,367,9,9,114,43,28.93,0.05,0,1,626
8108,369,8,9,131,43,32.16,0.05,0,1,626
8109,341,8,9,115,40,30.04,0.05,0,1,626
8110,393,9,9,132,46,30.57,0.05,0,1,626
8111,356,9,9,124,41,30.34,0.05,0,1,626
8112,388,9,9,126,43,33.77,0.05,0,1,626
8113,27,0,0,11,4,-5.17,0.05,1,0,626
8114,343,9,9,118,39,31.47,0.05,0,1,626
8115,400,1,1,16,4,-0.2,0.05,0,1,626
8116,353,8,9,123,40,32.27,0.05,0,1,626
8117,392,9,9,123,45,27.93,0.05,0,1,626
8118,391,8,9,131,47,30.89,0.05,0,1,626
8119,400,0,0,0,0,-4.5,0.05,0,1,626
8120,400,6,6,107,29,26.4,0.05,0,1,626
8121,365,9,9,124,43,31.6,0.05,0,1,626
8122,350,9,9,120,41,28.3,0.05,0,1,626
8123,367,8,9,120,42,32.43,0.05,0,1,626
8124,353,9,9,116,44,27.27,0.05,0,1,626
8125,400,7,7,116,47,22.3,0.05,0,1,626
8126,158,3,3,60,21,4.82,0.05,1,0,626
8127,400,4,4,112,37,25.8,0.05,0,1,626
8128,358,9,9,126,42,29.07,0.05,0,1,626
8129,354,8,9,122,42,30.26,0.05,0,1,626
8130,400,6,6,120,40,22.9,0.05,0,1,626
8131,334,9,9,127,40,32.01,0.05,0,1,626
8132,380,9,9,127,44,30.15,0.05,0,1,626
8133,356,9,9,121,43,29.64,0.05,0,1,626
8134,367,8,9,123,42,29.28,0.05,0,1,626
8135,333,8,9,121,37,35.47,0.05,0,1,626
8136,338,9,9,120,39,32.27,0.05,0,1,626
8137,363,8,9,130,42,34.17,0.05,0,1,626
8138,334,9,9,133,38,35.61,0.05,0,1,626
8139,400,4,4,72,22,13.25,0.05,0,1,626
8140,358,9,9,130,43,33.77,0.05,0,1,626
8141,359,9,9,128,41,31.16,0.05,0,1,626
8142,400,8,8,112,39,28.45,0.05,0,1,626
8143,376,9,9,118,42,27.64,0.05,0,1,626
8144,368,9,9,124,41,29.77,0.05,0,1,626
8145,366,9,9,123,44,26.89,0.05,0,1,626
8146,356,9,9,121,43,30.34,0.05,0,1,626
8147,385,9,9,131,45,32.9,0.05,0,1,626
8148,394,8,9,122,43,33.21,0.05,0,1,626
8149,400,8,8,123,45,25.85,0.05,0,1,626
8150,375,8,9,126,44,32.0,0.05,0,1,626
8151,328,9,9,112,38,31.42,0.05,0,1,626
8152,373,9,9,122,45,28.82,0.05,0,1,626
8153,383,8,9,121,42,29.77,0.05,0,1,626
8154,368,8,9,126,44,32.07,0.05,0,1,626
8155,371,9,9,121,44,28.54,0.05,0,1,626
8156,360,9,9,123,42,25.85,0.05,0,1,626
8157,343,8,9,128,41,26.72,0.05,0,1,626
8158,322,6,6,115,37,25.13,0.05,1,0,626
8159,400,6,6,98,31,23.05,0.05,0,1,626
8160,317,9,9,109,37,26.78,0.05,0,1,626
8161,363,9,9,126,43,30.52,0.05,0,1,626
8162,400,2,2,111,30,22.95,0.05,0,1,626
8163,343,8,9,129,41,32.72,0.05,0,1,626
8164,347,9,9,123,41,30.93,0.05,0,1,626
8165,361,8,9,126,42,34.74,0.05,0,1,626
8166,367,8,9,110,41,28.28,0.05,0,1,626
8167,356,8,9,116,43,30.84,0.05,0,1,626
8168,387,9,9,123,46,30.28,0.05,0,1,626
8169,400,2,2,54,15,8.7,0.05,0,1,626
8170,362,8,9,120,40,30.08,0.05,0,1,626
8171,328,9,9,119,41,27.52,0.05,0,1,626
8172,382,9,9,126,45,31.28,0.05,0,1,626
8173,381,9,9,126,44,29.74,0.05,0,1,626
8174,400,1,1,22,6,1.7,0.05,0,1,626
8175,400,4,4,55,17,11.25,0.05,0,1,626
8176,400,8,8,120,41,28.8,0.05,0,1,626
8177,13,0,0,8,2,-4.18,0.05,1,0,626
8178,327,8,9,112,38,28.18,0.05,0,1,626
8179,395,8,9,127,45,32.1,0.05,0,1,626
8180,400,0,0,36,11,0.5,0.05,0,1,626
8181,383,9,9,125,45,31.22,0.05,0,1,626
8182,370,8,9,127,43,33.15,0.05,0,1,626
8183,346,9,9,124,40,30.54,0.05,0,1,626
8184,400,9,9,121,41,32.85,0.05,0,1,626
8185,400,4,4,53,15,10.4,0.05,0,1,626
8186,336,9,9,126,38,34.19,0.05,0,1,626
8187,369,8,9,124,44,30.86,0.05,0,1,626
8188,366,9,9,117,44,30.54,0.05,0,1,626
8189,359,8,9,129,41,34.91,0.05,0,1,626
8190,400,3,3,63,18,13.15,0.05,0,1,626
8191,359,8,9,124,41,32.16,0.05,0,1,626
8192,389,9,9,131,46,33.76,0.05,0,1,626
8193,356,9,9,128,42,31.54,0.05,0,1,626
8194,374,9,9,122,43,31.56,0.05,0,1,626
8195,380,9,9,125,43,30.55,0.05,0,1,626
8196,327,9,9,115,37,29.18,0.05,0,1,626
8197,400,3,3,62,19,12.7,0.05,0,1,626
8198,391,8,9,128,43,34.49,0.05,0,1,626
8199,388,8,9,124,44,32.02,0.05,0,1,626
8200,400,6,6,95,35,20.45,0.05,0,1,626
8201,361,8,9,126,44,29.54,0.05,0,1,626
8202,400,2,2,22,7,0.45,0.05,0,1,626
8203,400,5,5,67,18,15.6,0.05,0,1,626
8204,370,8,9,125,44,28.6,0.05,0,1,626
8205,400,4,4,99,29,21.8,0.05,0,1,626
8206,362,9,9,117,43,29.43,0.05,0,1,626
8207,337,9,9,122,38,33.23,0.05,0,1,626
8208,368,9,9,115,43,27.07,0.05,0,1,626
8209,340,9,9,120,39,32.75,0.05,0,1,626
8210,233,5,5,101,30,18.17,0.05,1,0,626
8211,358,8,9,121,40,32.62,0.05,0,1,626
8212,400,0,0,58,19,4.6,0.05,0,1,626
8213,400,3,3,56,17,7.2,0.05,0,1,626
8214,371,9,9,126,40,33.09,0.05,0,1,626
8215,355,8,9,130,40,33.8,0.05,0,1,626
8216,359,8,9,120,39,33.01,0.05,0,1,626
8217,400,8,8,125,46,29.65,0.05,0,1,626
8218,368,9,9,123,44,27.47,0.05,0,1,626
8219,400,2,2,49,14,7.6,0.05,0,1,626
8220,400,3,3,48,16,5.45,0.05,0,1,626
8221,347,8,8,121,43,23.28,0.05,1,0,626
8222,392,9,9,125,46,30.18,0.05,0,1,626
8223,370,8,9,127,42,33.35,0.05,0,1,626
8224,348,8,9,134,40,37.47,0.05,0,1,626
8225,371,9,9,122,41,31.19,0.05,0,1,626
8226,400,9,9,118,44,32.5,0.05,0,1,626
8227,364,9,9,116,42,29.56,0.05,0,1,626
8228,367,9,9,135,42,34.73,0.05,0,1,626
8229,400,1,1,36,12,-3.5,0.05,0,1,626
8230,400,7,7,118,44,26.05,0.05,0,1,626
8231,367,9,9,117,43,29.33,0.05,0,1,626
8232,376,9,9,122,41,32.69,0.05,0,1,626
8233,389,9,9,126,45,30.06,0.05,0,1,626
8234,371,8,9,121,42,29.24,0.05,0,1,626
8235,352,9,9,120,41,31.23,0.05,0,1,626
8236,367,9,9,126,43,30.88,0.05,0,1,626
8237,400,8,8,97,33,25.75,0.05,0,1,626
8238,400,7,7,99,29,25.75,0.05,0,1,626
8239,372,9,9,118,42,24.78,0.05,0,1,626
8240,385,8,9,124,44,28.95,0.05,0,1,626
8241,400,9,9,117,41,32.6,0.05,0,1,626
8242,369,9,9,117,41,33.11,0.05,0,1,626
8243,400,8,8,117,40,25.25,0.05,0,1,626
8244,365,9,9,120,43,29.1,0.05,0,1,626
8245,400,0,0,5,2,-4.75,0.05,0,1,626
8246,339,9,9,127,40,33.21,0.05,0,1,626
8247,387,8,9,129,42,29.88,0.05,0,1,626
8248,348,9,9,113,39,26.67,0.05,0,1,626
8249,349,8,9,124,40,34.26,0.05,0,1,626
8250,380,8,9,123,42,33.4,0.05,0,1,626
8251,338,8,9,116,38,29.97,0.05,0,1,626
8252,400,7,7,102,32,25.7,0.05,0,1,626
8253,395,9,9,125,43,31.65,0.05,0,1,626
8254,400,8,8,123,41,30.25,0.05,0,1,626
8255,13,0,0,7,2,-4.68,0.05,1,0,626
8256,41,0,0,18,6,-3.11,0.05,1,0,626
8257,13,0,0,7,2,-4.88,0.05,1,0,626
8258,354,8,9,121,40,31.66,0.05,0,1,626
8259,400,9,9,126,39,33.95,0.05,0,1,626
8260,400,6,6,108,33,22.85,0.05,0,1,626
8261,400,1,1,73,25,11.0,0.05,0,1,626
8262,13,0,0,5,2,-5.68,0.05,1,0,626
8263,362,8,9,110,43,21.73,0.05,0,1,626
8264,365,8,9,123,44,28.55,0.05,0,1,626
8265,385,8,9,120,44,29.0,0.05,0,1,626
8266,400,4,4,106,32,22.95,0.05,0,1,626
8267,366,9,9,123,41,32.99,0.05,0,1,626
8268,400,7,7,117,39,28.05,0.05,0,1,626
8269,369,9,9,126,43,29.81,0.05,0,1,626
8270,337,8,9,124,38,32.93,0.05,0,1,626
8271,357,9,9,126,42,31.33,0.05,0,1,626
8272,13,0,0,6,2,-4.98,0.05,1,0,626
8273,370,9,9,127,42,32.6,0.05,0,1,626
8274,380,9,9,121,44,30.5,0.05,0,1,626
8275,344,9,9,117,40,29.66,0.05,0,1,626
8276,373,9,9,131,43,32.72,0.05,0,1,626
8277,379,8,9,130,44,31.31,0.05,0,1,626
8278,333,9,9,112,39,30.22,0.05,0,1,626
8279,367,9,9,130,42,33.18,0.05,0,1,626
8280,365,9,9,128,43,33.6,0.05,0,1,626
8281,372,8,9,127,45,32.53,0.05,0,1,626
8282,341,9,9,118,40,33.39,0.05,0,1,626
8283,329,8,9,120,40,30.61,0.05,0,1,626
8284,375,8,9,124,44,28.35,0.05,0,1,626
8285,376,9,9,122,42,32.64,0.05,0,1,626
8286,350,8,9,130,42,31.7,0.05,0,1,626
8287,382,9,9,127,44,32.08,0.05,0,1,626
8288,400,0,0,0,0,-4.4,0.05,0,1,626
8289,400,3,3,67,19,12.0,0.05,0,1,626
8290,369,9,9,121,40,30.41,0.05,0,1,626
8291,355,9,9,125,41,32.5,0.05,0,1,626
8292,369,8,9,125,41,29.96,0.05,0,1,626
8293,400,3,3,37,12,3.4,0.05,0,1,626
8294,369,8,9,117,42,27.41,0.05,0,1,626
8295,368,8,9,126,43,31.02,0.05,0,1,626
8296,365,8,9,124,42,25.95,0.05,0,1,626
8297,354,8,9,131,42,34.16,0.05,0,1,626
8298,313,6,6,103,39,15.82,0.05,1,0,626
8299,400,7,7,116,37,27.95,0.05,0,1,626
8300,400,2,2,93,28,17.3,0.05,0,1,626
8301,400,3,3,107,34,18.15,0.05,0,1,626
8302,371,8,9,128,41,37.19,0.05,0,1,626
8303,320,8,9,121,38,31.3,0.05,0,1,626
8304,366,8,9,121,40,30.59,0.05,0,1,626
8305,86,2,2,40,12,2.24,0.05,1,0,626
8306,390,9,9,120,44,28.75,0.05,0,1,626
8307,382,8,9,127,42,32.68,0.05,0,1,626
8308,375,8,9,126,43,33.05,0.05,0,1,626
8309,338,9,9,118,40,29.92,0.05,0,1,626
8310,365,9,9,114,43,23.85,0.05,0,1,626
8311,272,4,4,107,35,16.48,0.05,1,0,626
8312,400,0,0,33,11,-0.9,0.05,0,1,626
8313,334,9,9,118,38,32.96,0.05,0,1,626
8314,373,8,9,127,42,31.12,0.05,0,1,626
8315,20,0,0,9,3,-4.6,0.05,1,0,626
8316,368,9,9,124,42,30.82,0.05,0,1,626
8317,349,9,9,114,43,25.46,0.05,0,1,626
8318,388,9,9,125,46,33.27,0.05,0,1,626
8319,370,9,9,133,42,34.5,0.05,0,1,626
8320,382,9,9,121,44,28.13,0.05,0,1,626
8321,326,9,9,118,38,31.94,0.05,0,1,626
8322,333,8,9,123,39,30.82,0.05,0,1,626
8323,400,0,0,9,3,-3.5,0.05,0,1,626
8324,331,8,9,113,40,26.24,0.05,0,1,626
8325,373,8,9,117,43,31.02,0.05,0,1,626
8326,397,8,9,116,43,31.63,0.05,0,1,626
8327,400,9,9,120,46,27.35,0.05,0,1,626
8328,381,8,9,131,42,37.14,0.05,0,1,626
8329,354,9,9,125,43,29.56,0.05,0,1,626
8330,373,9,9,117,43,28.12,0.05,0,1,626
8331,344,9,9,121,40,30.11,0.05,0,1,626
8332,324,8,9,107,36,28.11,0.05,0,1,626
8333,381,9,9,115,45,26.69,0.05,0,1,626
8334,346,9,9,111,36,32.99,0.05,0,1,626
8335,368,9,9,118,41,31.87,0.05,0,1,626
8336,374,8,9,124,44,32.26,0.05,0,1,626
8337,385,8,9,121,43,28.7,0.05,0,1,626
8338,359,9,9,131,40,34.01,0.05,0,1,626
8339,400,9,9,116,38,27.7,0.05,0,1,626
8340,361,8,9,114,40,32.89,0.05,0,1,626
8341,373,9,9,124,44,31.27,0.05,0,1,626
8342,369,8,9,127,44,32.31,0.05,0,1,626
8343,367,8,9,127,43,31.08,0.05,0,1,626
8344,354,9,9,115,41,30.96,0.05,0,1,626
8345,400,7,8,121,44,33.05,0.05,0,1,626
8346,355,8,9,115,41,24.35,0.05,0,1,626
8347,379,9,9,132,44,30.96,0.05,0,1,626
8348,345,9,9,123,42,32.55,0.05,0,1,626
8349,369,8,9,128,43,33.01,0.05,0,1,626
8350,394,9,9,122,45,30.11,0.05,0,1,626
8351,400,9,9,130,42,30.45,0.05,0,1,626
8352,350,9,9,129,42,32.0,0.05,0,1,626
8353,374,8,9,122,44,30.51,0.05,0,1,626
8354,400,8,8,128,47,29.55,0.05,0,1,626
8355,350,8,9,125,39,33.8,0.05,0,1,626
8356,277,8,8,114,35,23.28,0.05,1,0,626
8357,334,9,9,116,39,28.91,0.05,0,1,626
8358,341,8,9,124,39,31.04,0.05,0,1,626
8359,398,9,9,124,43,31.37,0.05,0,1,626
8360,400,5,5,116,39,22.1,0.05,0,1,626
8361,351,8,9,127,41,36.29,0.05,0,1,626
8362,373,8,9,133,42,35.62,0.05,0,1,626
8363,370,8,9,133,42,38.4,0.05,0,1,626
8364,369,9,9,127,42,34.06,0.05,0,1,626
8365,400,2,2,43,12,2.75,0.05,0,1,626
8366,400,8,8,128,45,30.35,0.05,0,1,626
8367,400,4,4,81,26,14.1,0.05,0,1,626
8368,370,8,9,128,42,34.2,0.05,0,1,626
8369,377,8,9,131,44,35.03,0.05,0,1,626
8370,373,8,9,122,43,30.77,0.05,0,1,626
8371,400,3,3,35,12,4.75,0.05,0,1,626
8372,316,7,7,116,39,22.29,0.05,1,0,626
8373,367,9,9,121,40,35.03,0.05,0,1,626
8374,331,9,9,119,38,30.34,0.05,0,1,626
8375,352,8,9,118,39,31.13,0.05,0,1,626
8376,365,8,9,122,43,29.2,0.05,0,1,626
8377,232,4,4,86,30,12.83,0.05,1,0,626
8378,351,9,9,130,40,34.49,0.05,0,1,626
8379,350,9,9,123,43,26.45,0.05,0,1,626
8380,376,8,9,125,44,30.54,0.05,0,1,626
8381,376,8,9,129,42,31.34,0.05,0,1,626
8382,364,8,9,128,41,36.26,0.05,0,1,626
8383,392,8,9,128,46,28.83,0.05,0,1,626
8384,370,9,9,122,42,29.2,0.05,0,1,626
8385,355,9,9,122,42,28.7,0.05,0,1,626
8386,400,7,7,120,45,29.75,0.05,0,1,626
8387,380,8,9,119,43,28.2,0.05,0,1,626
8388,388,8,9,116,44,29.67,0.05,0,1,626
8389,320,9,9,123,36,35.25,0.05,0,1,626
8390,358,8,9,111,40,29.37,0.05,0,1,626
8391,376,8,9,131,44,35.19,0.05,0,1,626
8392,372,9,9,132,44,33.18,0.05,0,1,626
8393,399,9,9,128,44,29.01,0.05,0,1,626
8394,400,8,8,129,41,30.65,0.05,0,1,626
8395,352,9,9,115,43,25.18,0.05,0,1,626
8396,374,8,9,116,42,26.96,0.05,0,1,626
8397,360,8,9,126,42,34.2,0.05,0,1,626
8398,372,9,9,128,40,34.43,0.05,0,1,626
8399,348,9,9,120,40,27.82,0.05,0,1,626
8400,343,8,9,117,40,29.02,0.05,0,1,626
8401,373,9,9,126,43,29.37,0.05,0,1,626
8402,345,8,9,118,41,29.2,0.05,0,1,626
8403,340,8,9,107,40,28.6,0.05,0,1,626
8404,400,2,2,42,14,2.85,0.05,0,1,626
8405,398,9,9,120,42,36.02,0.05,0,1,626
8406,361,9,9,119,44,25.59,0.05,0,1,626
8407,338,9,9,125,39,32.62,0.05,0,1,626
8408,362,8,9,124,41,30.73,0.05,0,1,626
8409,384,8,9,120,42,33.01,0.05,0,1,626
8410,350,8,9,120,38,31.45,0.05,0,1,626
8411,374,9,9,120,42,30.16,0.05,0,1,626
8412,387,8,9,126,46,26.93,0.05,0,1,626
8413,400,0,0,52,14,4.25,0.05,0,1,626
8414,347,9,9,120,41,32.08,0.05,0,1,626
8415,398,9,9,121,45,33.37,0.05,0,1,626
8416,358,9,9,127,43,32.22,0.05,0,1,626
8417,400,6,6,99,33,21.95,0.05,0,1,626
8418,400,4,4,97,28,20.2,0.05,0,1,626
8419,400,2,2,61,16,12.55,0.05,0,1,626
8420,366,8,9,121,42,27.69,0.05,0,1,626
8421,346,8,9,122,40,29.59,0.05,0,1,626
8422,384,8,9,129,43,35.66,0.05,0,1,626
8423,337,9,9,119,39,31.33,0.05,0,1,626
8424,397,8,9,131,47,31.63,0.05,0,1,626
8425,400,3,3,105,31,18.9,0.05,0,1,626
8426,372,9,9,125,44,30.58,0.05,0,1,626
8427,400,8,8,121,40,28.15,0.05,0,1,626
8428,377,8,9,126,43,36.78,0.05,0,1,626
8429,346,9,9,128,42,33.04,0.05,0,1,626
8430,369,9,9,122,42,29.06,0.05,0,1,626
8431,335,8,9,125,39,32.5,0.05,0,1,626
8432,352,9,9,125,39,32.83,0.05,0,1,626
8433,400,1,1,13,4,-1.7,0.05,0,1,626
8434,347,8,9,121,40,30.63,0.05,0,1,626
8435,362,8,9,120,43,27.93,0.05,0,1,626
8436,361,9,9,123,41,32.94,0.05,0,1,626
8437,388,8,9,120,44,32.17,0.05,0,1,626
8438,400,4,4,72,22,12.0,0.05,0,1,626
8439,351,9,9,118,40,28.74,0.05,0,1,626
8440,400,3,3,39,11,5.35,0.05,0,1,626
8441,361,8,9,129,40,35.14,0.05,0,1,626
8442,381,8,9,125,44,30.44,0.05,0,1,626
8443,355,9,9,124,41,32.2,0.05,0,1,626
8444,356,9,9,122,42,29.94,0.05,0,1,626
8445,27,0,0,14,4,-2.82,0.05,1,0,626
8446,362,9,9,116,42,28.48,0.05,0,1,626
8447,353,9,9,117,38,32.22,0.05,0,1,626
8448,373,9,9,126,44,31.47,0.05,0,1,626
8449,368,8,9,124,42,29.22,0.05,0,1,626
8450,374,9,9,120,43,25.36,0.05,0,1,626
8451,350,9,9,119,41,34.25,0.05,0,1,626
8452,373,9,9,127,40,38.12,0.05,0,1,626
8453,371,8,9,123,42,31.09,0.05,0,1,626
8454,350,8,9,123,40,31.85,0.05,0,1,626
8455,377,9,9,124,43,27.83,0.05,0,1,626
8456,327,8,9,123,37,33.28,0.05,0,1,626
8457,353,9,9,124,42,31.67,0.05,0,1,626
8458,27,0,0,7,4,-6.42,0.05,1,0,626
8459,326,8,9,120,38,31.89,0.05,0,1,626
8460,373,8,9,121,43,28.67,0.05,0,1,626
8461,374,8,9,130,44,30.96,0.05,0,1,626
8462,353,8,9,118,41,31.12,0.05,0,1,626
8463,343,9,9,122,38,35.42,0.05,0,1,626
8464,372,9,9,123,43,31.98,0.05,0,1,626
8465,400,9,9,119,45,29.8,0.05,0,1,626
8466,372,8,9,131,43,29.98,0.05,0,1,626
8467,391,9,9,131,43,36.39,0.05,0,1,626
8468,366,8,9,122,43,30.14,0.05,0,1,626
8469,373,8,9,128,41,32.07,0.05,0,1,626
8470,374,9,9,125,43,31.56,0.05,0,1,626
8471,371,9,9,119,44,29.24,0.05,0,1,626
8472,367,9,9,118,41,29.93,0.05,0,1,626
8473,343,9,9,131,39,36.67,0.05,0,1,626
8474,392,9,9,131,44,31.38,0.05,0,1,626
8475,353,8,9,116,40,31.77,0.05,0,1,626
8476,340,8,9,126,41,28.95,0.05,0,1,626
8477,346,8,9,126,42,30.24,0.05,0,1,626
8478,362,8,9,119,41,28.08,0.05,0,1,626
8479,351,9,9,113,41,28.29,0.05,0,1,626
8480,360,9,9,122,42,30.85,0.05,0,1,626
8481,366,9,9,133,42,34.44,0.05,0,1,626
8482,396,8,9,128,45,31.34,0.05,0,1,626
8483,357,9,9,124,41,30.38,0.05,0,1,626
8484,363,9,9,128,39,33.52,0.05,0,1,626
8485,400,4,4,42,14,6.55,0.05,0,1,626
8486,370,8,9,116,41,28.95,0.05,0,1,626
8487,338,9,9,117,40,30.37,0.05,0,1,626
8488,356,9,9,121,41,34.84,0.05,0,1,626
8489,27,0,0,12,4,-4.87,0.05,1,0,626
8490,384,8,9,119,46,24.71,0.05,0,1,626
8491,370,8,9,116,40,32.2,0.05,0,1,626
8492,344,8,9,116,41,27.06,0.05,0,1,626
8493,366,9,9,119,41,28.14,0.05,0,1,626
8494,337,9,9,121,40,29.28,0.05,0,1,626
8495,360,9,9,121,39,32.25,0.05,0,1,626
8496,342,8,9,127,39,36.08,0.05,0,1,626
8497,368,9,9,124,40,35.97,0.05,0,1,626
8498,400,1,1,54,15,8.1,0.05,0,1,626
8499,13,0,0,6,2,-4.88,0.05,1,0,626
8500,395,8,9,125,46,34.4,0.05,0,1,626
8501,395,9,9,128,45,33.25,0.05,0,1,626
8502,360,8,9,123,40,32.15,0.05,0,1,626
8503,353,8,9,125,42,31.27,0.05,0,1,626
8504,400,4,4,115,33,26.5,0.05,0,1,626
8505,362,9,9,119,42,26.18,0.05,0,1,626
8506,42,1,1,19,6,-1.32,0.05,1,0,626
8507,398,9,9,121,44,30.82,0.05,0,1,626
8508,374,9,9,113,44,30.36,0.05,0,1,626
8509,356,8,9,124,39,35.14,0.05,0,1,626
8510,27,0,0,12,4,-4.92,0.05,1,0,626
8511,400,0,0,37,13,-1.7,0.05,0,1,626
8512,13,0,0,7,2,-4.68,0.05,1,0,626
8513,357,8,9,119,40,28.68,0.05,0,1,626
8514,400,8,8,118,48,28.15,0.05,0,1,626
8515,368,9,9,128,42,34.52,0.05,0,1,626
8516,368,9,9,125,43,31.72,0.05,0,1,626
8517,373,8,9,127,42,33.72,0.05,0,1,626
8518,357,8,9,136,41,37.68,0.05,0,1,626
8519,352,9,9,114,40,28.78,0.05,0,1,626
8520,361,9,9,127,43,29.69,0.05,0,1,626
8521,342,8,9,124,41,28.58,0.05,0,1,626
8522,400,9,9,131,42,38.1,0.05,0,1,626
8523,374,8,9,129,43,29.51,0.05,0,1,626
8524,400,3,3,85,29,13.0,0.05,0,1,626
8525,370,8,9,127,42,30.3,0.05,0,1,626
8526,352,8,9,123,41,33.13,0.05,0,1,626
8527,368,8,9,128,43,31.77,0.05,0,1,626
8528,400,8,9,120,44,30.4,0.05,0,1,626
8529,399,9,9,127,47,29.21,0.05,0,1,626
8530,343,9,9,121,40,29.82,0.05,0,1,626
8531,372,8,9,124,42,32.83,0.05,0,1,626
8532,368,9,9,120,43,32.87,0.05,0,1,626
8533,344,9,9,119,41,28.71,0.05,0,1,626
8534,252,2,2,102,33,15.08,0.05,1,0,626
8535,400,1,1,29,11,-2.45,0.05,0,1,626
8536,400,5,5,97,29,20.55,0.05,0,1,626
8537,400,3,3,67,19,13.3,0.05,0,1,626
8538,371,9,9,125,43,29.09,0.05,0,1,626
8539,340,8,9,122,39,30.8,0.05,0,1,626
8540,400,0,0,39,11,1.6,0.05,0,1,626
8541,370,8,9,113,44,23.25,0.05,0,1,626
8542,385,8,9,131,42,32.75,0.05,0,1,626
8543,369,8,9,125,40,33.91,0.05,0,1,626
8544,371,8,9,130,44,32.39,0.05,0,1,626
8545,383,8,9,125,44,34.37,0.05,0,1,626
8546,364,8,9,126,43,31.71,0.05,0,1,626
8547,340,9,9,123,38,31.8,0.05,0,1,626
8548,400,8,8,123,41,33.35,0.05,0,1,626
8549,371,8,9,128,43,35.14,0.05,0,1,626
8550,346,9,9,118,39,33.14,0.05,0,1,626
8551,350,8,9,125,41,28.25,0.05,0,1,626
8552,395,9,9,116,43,30.15,0.05,0,1,626
8553,358,9,9,127,43,28.67,0.05,0,1,626
8554,361,8,9,118,40,31.14,0.05,0,1,626
8555,394,9,9,128,45,31.71,0.05,0,1,626
8556,400,9,9,108,35,27.0,0.05,0,1,626
8557,294,6,6,113,37,21.96,0.05,1,0,626
8558,380,9,9,123,42,32.1,0.05,0,1,626
8559,363,9,9,122,41,29.92,0.05,0,1,626
8560,339,9,9,125,41,32.61,0.05,0,1,626
8561,382,9,9,128,44,33.28,0.05,0,1,626
8562,379,9,9,117,42,32.61,0.05,0,1,626
8563,342,8,9,123,40,30.78,0.05,0,1,626
8564,385,9,9,125,44,29.3,0.05,0,1,626
8565,20,0,0,6,3,-5.9,0.05,1,0,626
8566,400,2,2,61,17,9.95,0.05,0,1,626
8567,316,8,9,116,38,30.79,0.05,0,1,626
8568,358,9,9,110,41,28.02,0.05,0,1,626
8569,340,8,9,121,40,30.05,0.05,0,1,626
8570,334,9,9,116,39,30.01,0.05,0,1,626
8571,356,8,9,127,42,34.39,0.05,0,1,626
8572,369,9,9,124,41,28.91,0.05,0,1,626
8573,374,9,9,120,42,30.61,0.05,0,1,626
8574,365,9,9,119,41,33.8,0.05,0,1,626
8575,362,9,9,123,43,30.73,0.05,0,1,626
8576,374,9,9,131,43,34.91,0.05,0,1,626
8577,325,9,9,125,40,33.55,0.05,0,1,626
8578,376,8,9,123,44,29.29,0.05,0,1,626
8579,383,9,9,124,46,22.47,0.05,0,1,626
8580,330,9,9,117,38,31.15,0.05,0,1,626
8581,400,9,9,120,45,31.35,0.05,0,1,626
8582,400,1,1,12,3,-0.8,0.05,0,1,626
8583,400,5,5,89,24,21.85,0.05,0,1,626
8584,386,9,9,124,45,25.74,0.05,0,1,626
8585,400,2,2,39,14,2.55,0.05,0,1,626
8586,354,8,9,124,42,28.71,0.05,0,1,626
8587,344,9,9,118,41,28.66,0.05,0,1,626
8588,353,8,9,118,41,28.92,0.05,0,1,626
8589,378,8,9,127,41,36.77,0.05,0,1,626
8590,371,9,9,112,42,27.04,0.05,0,1,626
8591,360,8,9,118,40,30.95,0.05,0,1,626
8592,346,9,9,126,41,30.79,0.05,0,1,626
8593,370,9,9,126,44,33.1,0.05,0,1,626
8594,13,0,0,6,2,-4.98,0.05,1,0,626
8595,400,4,4,53,17,8.75,0.05,0,1,626
8596,346,9,9,119,39,29.79,0.05,0,1,626
8597,372,8,9,116,42,31.83,0.05,0,1,626
8598,370,9,9,123,43,28.95,0.05,0,1,626
8599,366,9,9,127,45,29.04,0.05,0,1,626
8600,353,9,9,116,42,24.87,0.05,0,1,626
8601,327,9,9,125,38,32.83,0.05,0,1,626
8602,361,8,9,119,42,31.29,0.05,0,1,626
8603,374,9,9,122,40,30.51,0.05,0,1,626
8604,368,9,9,119,42,30.97,0.05,0,1,626
8605,388,8,9,121,47,26.77,0.05,0,1,626
8606,352,9,9,126,41,29.88,0.05,1,0,626
8607,309,9,9,117,36,29.66,0.05,0,1,626
8608,209,2,2,88,27,11.56,0.05,1,0,626
8609,354,9,9,127,41,32.46,0.05,0,1,626
8610,400,3,3,48,14,5.45,0.05,0,1,626
8611,374,8,9,117,43,25.06,0.05,0,1,626
8612,348,8,9,118,40,32.42,0.05,0,1,626
8613,400,0,0,20,6,-0.05,0.05,0,1,626
8614,387,9,9,124,46,28.53,0.05,0,1,626
8615,374,8,9,127,42,33.21,0.05,0,1,626
8616,329,9,9,123,38,30.71,0.05,0,1,626
8617,352,8,9,124,41,32.63,0.05,0,1,626
8618,340,8,9,121,40,32.65,0.05,0,1,626
8619,371,8,9,124,41,32.39,0.05,0,1,626
8620,372,9,9,118,41,33.13,0.05,0,1,626
8621,363,9,9,127,43,32.17,0.05,0,1,626
8622,361,8,9,113,41,28.89,0.05,0,1,626
8623,351,9,9,121,42,31.14,0.05,0,1,626
8624,392,9,9,127,44,33.58,0.05,0,1,626
8625,363,9,9,127,42,30.27,0.05,0,1,626
8626,400,2,2,51,14,6.25,0.05,0,1,626
8627,380,8,9,120,43,31.8,0.05,0,1,626
8628,324,8,9,121,36,34.41,0.05,0,1,626
8629,345,8,9,117,41,31.2,0.05,0,1,626
8630,376,9,9,115,43,30.44,0.05,0,1,626
8631,357,9,9,129,41,32.78,0.05,0,1,626
8632,375,9,9,131,44,32.8,0.05,0,1,626
8633,363,9,9,125,42,29.62,0.05,0,1,626
8634,400,5,5,98,34,20.0,0.05,0,1,626
8635,349,8,9,122,40,31.61,0.05,0,1,626
8636,315,9,9,123,36,35.5,0.05,0,1,626
8637,372,8,9,121,42,27.43,0.05,0,1,626
8638,362,9,9,123,41,30.63,0.05,0,1,626
8639,356,9,9,122,40,27.74,0.05,0,1,626
8640,358,9,9,121,40,29.32,0.05,0,1,626
8641,13,0,0,6,2,-4.98,0.05,1,0,626
8642,380,9,9,126,44,30.05,0.05,0,1,626
8643,376,9,9,117,42,32.89,0.05,0,1,626
8644,386,8,9,115,43,32.54,0.05,0,1,626
8645,353,9,9,120,40,28.92,0.05,0,1,626
8646,400,8,8,118,36,30.3,0.05,0,1,626
8647,369,8,9,124,42,34.81,0.05,0,1,626
8648,384,9,9,123,44,31.71,0.05,0,1,626
8649,358,9,9,128,42,32.77,0.05,0,1,626
8650,400,0,0,7,2,-3.75,0.05,0,1,626
8651,364,9,9,123,42,32.66,0.05,0,1,626
8652,355,8,9,123,42,30.2,0.05,0,1,626
8653,351,8,9,113,39,30.09,0.05,0,1,626
8654,353,8,9,120,40,29.97,0.05,0,1,626
8655,359,9,9,118,39,34.16,0.05,0,1,626
8656,371,9,9,131,43,33.79,0.05,0,1,626
8657,232,5,5,99,29,16.98,0.05,1,0,626
8658,400,8,8,127,40,30.8,0.05,0,1,626
8659,357,9,9,132,41,36.78,0.05,0,1,626
8660,400,6,6,112,35,28.05,0.05,0,1,626
8661,261,5,5,104,33,18.39,0.05,1,0,626
8662,350,9,9,131,40,37.15,0.05,0,1,626
8663,372,8,9,126,40,36.68,0.05,0,1,626
8664,379,8,9,130,42,32.96,0.05,0,1,626
8665,364,9,9,118,39,30.31,0.05,0,1,626
8666,358,9,9,130,41,35.17,0.05,0,1,626
8667,355,9,9,122,40,31.35,0.05,0,1,626
8668,229,6,6,93,29,20.16,0.05,1,0,626
8669,400,8,8,122,40,30.35,0.05,0,1,626
8670,399,9,9,130,44,33.06,0.05,0,1,626
8671,400,8,8,115,38,26.4,0.05,0,1,626
8672,399,9,9,126,45,33.36,0.05,0,1,626
8673,379,8,9,125,43,32.11,0.05,0,1,626
8674,386,9,9,125,44,31.79,0.05,0,1,626
8675,365,8,9,117,42,28.45,0.05,0,1,626
8676,400,2,2,63,18,11.5,0.05,0,1,626
8677,367,8,9,123,39,34.68,0.05,0,1,626
8678,325,9,9,115,38,29.9,0.05,0,1,626
8679,349,8,9,121,40,32.36,0.05,0,1,626
8680,355,8,9,120,41,29.6,0.05,0,1,626
8681,400,8,8,125,44,32.0,0.05,0,1,626
8682,400,4,4,88,28,20.4,0.05,0,1,626
8683,400,6,6,102,35,23.7,0.05,0,1,626
8684,371,9,9,125,43,32.99,0.05,0,1,626
8685,352,9,9,123,42,30.23,0.05,0,1,626
8686,349,8,9,118,38,30.91,0.05,0,1,626
8687,400,3,3,47,12,6.6,0.05,0,1,626
8688,364,9,9,123,43,31.46,0.05,0,1,626
8689,361,8,9,123,42,30.99,0.05,0,1,626
8690,277,5,5,109,33,19.93,0.05,1,0,626
8691,349,8,9,126,41,35.96,0.05,0,1,626
8692,357,8,9,124,41,31.98,0.05,0,1,626
8693,335,8,9,127,40,32.6,0.05,0,1,626
8694,392,8,9,130,44,33.23,0.05,0,1,626
8695,396,9,9,121,45,31.29,0.05,0,1,626
8696,333,8,9,117,39,32.77,0.05,0,1,626
8697,400,9,9,121,44,36.15,0.05,0,1,626
8698,400,8,8,114,39,26.15,0.05,0,1,626
8699,400,8,8,106,35,29.65,0.05,0,1,626
8700,351,8,9,126,42,30.79,0.05,0,1,626
8701,400,7,7,124,39,33.05,0.05,0,1,626
8702,370,9,9,129,40,35.7,0.05,0,1,626
8703,388,9,9,120,43,31.32,0.05,0,1,626
8704,400,8,8,113,36,26.0,0.05,0,1,626
8705,367,8,9,126,42,25.23,0.05,0,1,626
8706,359,9,9,134,42,36.76,0.05,0,1,626
8707,27,0,0,11,4,-5.07,0.05,1,0,626
8708,367,9,9,114,43,28.43,0.05,0,1,626
8709,377,9,9,123,46,28.38,0.05,0,1,626
8710,362,9,9,123,43,27.28,0.05,0,1,626
8711,400,6,6,115,37,26.45,0.05,0,1,626
8712,400,1,1,17,4,-1.0,0.05,0,1,626
8713,400,7,7,112,36,25.25,0.05,0,1,626
8714,385,9,9,127,44,29.6,0.05,0,1,626
8715,381,9,9,121,43,26.69,0.05,0,1,626
8716,345,9,9,130,40,34.0,0.05,0,1,626
8717,380,8,9,132,44,33.9,0.05,0,1,626
8718,364,9,9,114,41,31.86,0.05,0,1,626
8719,359,8,9,125,41,31.96,0.05,0,1,626
8720,360,8,9,132,43,30.35,0.05,0,1,626
8721,384,8,9,124,43,31.81,0.05,0,1,626
8722,357,9,9,121,41,34.58,0.05,0,1,626
8723,355,9,9,109,39,27.85,0.05,0,1,626
8724,366,9,9,127,43,33.74,0.05,0,1,626
8725,396,8,9,122,47,29.64,0.05,0,1,626
8726,400,8,8,134,40,32.6,0.05,0,1,626
8727,359,8,9,126,44,33.56,0.05,0,1,626
8728,385,8,9,134,47,34.45,0.05,0,1,626
8729,382,9,9,119,42,31.43,0.05,0,1,626
8730,381,9,9,120,43,30.19,0.05,0,1,626
8731,394,9,9,132,46,32.11,0.05,0,1,626
8732,343,8,9,120,40,33.02,0.05,0,1,626
8733,369,8,9,125,42,32.41,0.05,0,1,626
8734,335,8,9,123,41,28.95,0.05,0,1,626
8735,363,9,9,115,39,29.42,0.05,0,1,626
8736,358,8,9,126,42,33.02,0.05,0,1,626
8737,374,8,9,117,45,26.61,0.05,0,1,626
8738,400,1,1,34,12,-2.75,0.05,0,1,626
8739,348,9,9,125,42,29.97,0.05,0,1,626
8740,335,9,9,112,39,29.55,0.05,0,1,626
8741,378,8,9,119,43,31.77,0.05,0,1,626
8742,376,9,9,126,43,31.99,0.05,0,1,626
8743,396,9,9,129,46,32.49,0.05,0,1,626
8744,379,8,9,128,43,31.16,0.05,0,1,626
8745,347,9,9,123,42,32.18,0.05,0,1,626
8746,20,0,0,7,3,-5.25,0.05,1,0,626
8747,330,9,9,120,38,30.65,0.05,0,1,626
8748,384,9,9,133,45,34.66,0.05,0,1,626
8749,361,8,9,122,41,31.64,0.05,0,1,626
8750,353,9,9,119,42,29.62,0.05,0,1,626
8751,400,4,4,117,39,22.35,0.05,0,1,626
8752,365,9,9,121,43,31.6,0.05,0,1,626
8753,357,8,9,126,43,28.28,0.05,0,1,626
8754,369,8,9,129,42,33.16,0.05,0,1,626
8755,354,8,9,122,42,33.51,0.05,0,1,626
8756,343,8,9,118,38,36.37,0.05,0,1,626
8757,384,9,9,118,44,21.81,0.05,0,1,626
8758,363,8,9,125,42,33.32,0.05,0,1,626
8759,373,9,9,128,45,32.02,0.05,0,1,626
8760,375,8,9,122,44,30.1,0.05,0,1,626
8761,400,1,1,44,14,4.95,0.05,0,1,626
8762,396,9,9,124,45,32.64,0.05,0,1,626
8763,400,1,1,37,12,1.2,0.05,0,1,626
8764,27,0,0,9,4,-5.27,0.05,1,0,626
8765,381,9,9,124,44,32.39,0.05,0,1,626
8766,336,8,9,122,40,31.09,0.05,0,1,626
8767,400,9,9,125,48,29.6,0.05,0,1,626
8768,361,8,9,125,41,33.94,0.05,0,1,626
8769,360,8,9,128,42,31.3,0.05,0,1,626
8770,339,8,9,117,40,28.56,0.05,0,1,626
8771,378,8,9,126,44,31.97,0.05,0,1,626
8772,372,8,9,122,42,27.93,0.05,0,1,626
8773,367,8,9,130,43,35.38,0.05,0,1,626
8774,358,8,9,116,41,32.47,0.05,0,1,626
8775,343,9,9,121,39,29.27,0.05,0,1,626
8776,392,9,9,120,46,30.43,0.05,0,1,626
8777,334,9,9,134,40,33.56,0.05,0,1,626
8778,400,8,8,111,35,26.7,0.05,0,1,626
8779,342,8,9,115,38,32.08,0.05,0,1,626
8780,361,8,9,118,42,30.44,0.05,0,1,626
8781,336,9,9,127,39,35.59,0.05,0,1,626
8782,388,9,9,121,46,31.52,0.05,0,1,626
8783,330,8,9,123,39,31.9,0.05,0,1,626
8784,338,9,9,127,40,31.62,0.05,0,1,626
8785,396,9,9,118,43,33.79,0.05,0,1,626
8786,367,8,9,119,43,26.28,0.05,0,1,626
8787,400,9,9,123,46,28.55,0.05,0,1,626
8788,400,0,0,42,13,3.95,0.05,0,1,626
8789,327,8,9,123,38,32.43,0.05,0,1,626
8790,400,2,2,58,15,7.7,0.05,0,1,626
8791,13,0,0,7,2,-6.03,0.05,1,0,626
8792,353,9,9,119,42,29.52,0.05,0,1,626
8793,352,9,9,112,42,26.18,0.05,0,1,626
8794,400,1,1,59,17,6.7,0.05,0,1,626
8795,107,2,2,49,14,3.43,0.05,1,0,626
8796,358,9,9,117,42,32.02,0.05,0,1,626
8797,400,7,8,131,45,29.1,0.05,0,1,626
8798,343,8,9,124,41,31.82,0.05,0,1,626
8799,390,8,9,129,45,30.9,0.05,0,1,626
8800,383,9,9,120,42,31.47,0.05,0,1,626
8801,356,8,9,115,41,24.44,0.05,0,1,626
8802,400,9,9,127,45,30.7,0.05,0,1,626
8803,400,0,0,52,13,7.25,0.05,0,1,626
8804,329,9,9,120,38,29.46,0.05,0,1,626
8805,355,9,9,120,41,27.2,0.05,0,1,626
8806,360,8,9,123,42,27.2,0.05,0,1,626
8807,330,7,7,119,39,24.55,0.05,1,0,626
8808,367,9,9,115,42,31.78,0.05,0,1,626
8809,400,2,2,70,23,9.7,0.05,0,1,626
8810,355,9,9,130,41,34.85,0.05,0,1,626
8811,345,9,9,121,39,35.1,0.05,0,1,626
8812,392,8,9,125,46,31.88,0.05,0,1,626
8813,361,8,9,120,41,32.64,0.05,0,1,626
8814,400,0,0,33,11,-0.7,0.05,0,1,626
8815,347,9,9,121,39,33.13,0.05,0,1,626
8816,394,9,9,119,44,30.06,0.05,0,1,626
8817,400,8,8,127,42,30.0,0.05,0,1,626
8818,400,7,7,105,32,24.6,0.05,0,1,626
8819,400,6,6,81,27,19.8,0.05,0,1,626
8820,400,3,3,69,22,12.3,0.05,0,1,626
8821,374,8,9,125,43,31.36,0.05,0,1,626
8822,360,8,9,128,41,34.45,0.05,0,1,626
8823,369,9,9,123,44,30.91,0.05,0,1,626
8824,381,9,9,119,42,31.14,0.05,0,1,626
8825,355,8,9,134,41,32.4,0.05,0,1,626
8826,363,9,9,117,40,33.37,0.05,0,1,626
8827,341,8,9,118,41,30.54,0.05,0,1,626
8828,277,8,8,110,34,22.98,0.05,1,0,626
8829,382,8,9,128,47,28.53,0.05,0,1,626
8830,400,8,8,119,39,31.25,0.05,0,1,626
8831,390,9,9,132,45,34.4,0.05,0,1,626
8832,358,9,9,115,41,27.57,0.05,0,1,626
8833,337,9,9,121,39,32.98,0.05,0,1,626
8834,349,9,9,116,41,30.76,0.05,0,1,626
8835,357,8,9,129,42,33.33,0.05,0,1,626
8836,400,7,7,89,29,25.4,0.05,0,1,626
8837,332,8,9,120,37,33.43,0.05,0,1,626
8838,400,5,5,93,33,17.15,0.05,0,1,626
8839,369,8,9,129,42,34.06,0.05,0,1,626
8840,400,6,6,104,37,25.0,0.05,0,1,626
8841,353,8,9,115,39,29.77,0.05,0,1,626
8842,373,8,9,119,44,31.52,0.05,0,1,626
8843,343,8,9,125,39,34.87,0.05,0,1,626
8844,347,9,9,127,42,34.53,0.05,0,1,626
8845,395,8,9,132,46,28.7,0.05,0,1,626
8846,358,9,9,130,41,33.72,0.05,0,1,626
8847,323,9,9,125,38,33.07,0.05,0,1,626
8848,400,1,1,13,5,-2.35,0.05,0,1,626
8849,347,9,9,109,38,31.53,0.05,0,1,626
8850,337,8,9,121,39,32.03,0.05,0,1,626
8851,356,9,9,126,42,28.34,0.05,0,1,626
8852,390,8,9,125,46,32.9,0.05,0,1,626
8853,372,9,9,126,43,35.48,0.05,0,1,626
8854,346,9,9,129,39,35.19,0.05,0,1,626
8855,365,8,9,117,43,29.95,0.05,0,1,626
8856,368,8,9,124,43,29.57,0.05,0,1,626
8857,358,9,9,116,42,30.52,0.05,0,1,626
8858,373,8,9,123,45,29.92,0.05,0,1,626
8859,399,8,9,126,45,32.96,0.05,0,1,626
8860,324,9,9,128,39,34.11,0.05,0,1,626
8861,314,9,9,109,36,23.81,0.05,0,1,626
8862,341,8,9,117,38,33.29,0.05,0,1,626
8863,388,9,9,134,44,34.22,0.05,0,1,626
8864,351,8,9,119,40,30.64,0.05,0,1,626
8865,71,2,2,34,9,2.99,0.05,1,0,626
8866,387,9,9,128,43,34.23,0.05,0,1,626
8867,364,8,9,117,44,27.16,0.05,0,1,626
8868,387,8,9,127,45,32.18,0.05,0,1,626
8869,338,9,9,119,38,33.37,0.05,0,1,626
8870,352,9,9,114,40,30.43,0.05,0,1,626
8871,376,8,9,126,43,31.94,0.05,0,1,626
8872,350,9,9,116,39,29.75,0.05,0,1,626
8873,352,9,9,127,42,29.63,0.05,0,1,626
8874,366,9,9,118,39,31.04,0.05,0,1,626
8875,337,8,9,110,38,27.38,0.05,0,1,626
8876,356,8,9,114,41,29.14,0.05,0,1,626
8877,355,9,9,120,41,27.15,0.05,0,1,626
8878,362,9,9,126,43,32.53,0.05,0,1,626
8879,381,9,9,123,44,31.49,0.05,0,1,626
8880,381,9,9,128,43,31.54,0.05,0,1,626
8881,337,8,9,127,40,35.63,0.05,0,1,626
8882,342,9,9,118,38,32.28,0.05,0,1,626
8883,13,0,0,8,2,-4.28,0.05,1,0,626
8884,400,8,8,118,45,26.8,0.05,0,1,626
8885,398,9,9,131,45,33.32,0.05,0,1,626
8886,338,9,9,126,38,32.17,0.05,0,1,626
8887,388,9,9,130,42,35.87,0.05,0,1,626
8888,363,9,9,129,42,34.97,0.05,0,1,626
8889,13,0,0,6,2,-4.78,0.05,1,0,626
8890,112,3,3,44,15,1.58,0.05,1,0,626
8891,400,8,8,121,46,31.05,0.05,0,1,626
8892,362,8,9,120,41,32.08,0.05,0,1,626
8893,360,9,9,114,40,28.95,0.05,0,1,626
8894,318,8,9,113,36,31.52,0.05,0,1,626
8895,347,9,9,118,41,30.23,0.05,0,1,626
8896,370,9,9,125,42,32.6,0.05,0,1,626
8897,391,9,9,120,47,30.19,0.05,0,1,626
8898,347,9,9,118,40,31.78,0.05,0,1,626
8899,388,9,9,119,43,29.32,0.05,0,1,626
8900,352,8,9,123,40,32.83,0.05,0,1,626
8901,377,9,9,120,43,32.13,0.05,0,1,626
8902,13,0,0,8,2,-4.38,0.05,1,0,626
8903,377,9,9,129,43,31.03,0.05,0,1,626
8904,400,4,4,84,25,15.7,0.05,0,1,626
8905,365,9,9,122,42,29.35,0.05,0,1,626
8906,382,9,9,124,45,27.83,0.05,0,1,626
8907,366,9,9,117,42,26.74,0.05,0,1,626
8908,358,8,9,117,39,29.77,0.05,0,1,626
8909,351,8,9,120,42,31.64,0.05,0,1,626
8910,399,9,9,129,43,35.71,0.05,0,1,626
8911,360,9,9,126,42,32.0,0.05,0,1,626
8912,364,8,9,127,43,32.36,0.05,0,1,626
8913,376,8,9,124,43,32.14,0.05,0,1,626
8914,334,8,9,126,38,30.96,0.05,0,1,626
8915,382,9,9,125,44,34.38,0.05,0,1,626
8916,376,8,9,123,45,32.59,0.05,0,1,626
8917,399,9,9,116,47,26.31,0.05,0,1,626
8918,371,9,9,132,43,34.64,0.05,0,1,626
8919,400,4,4,100,33,19.1,0.05,0,1,626
8920,357,8,9,116,41,30.33,0.05,0,1,626
8921,338,9,9,119,41,31.67,0.05,0,1,626
8922,354,9,9,113,39,27.46,0.05,0,1,626
8923,391,8,9,122,43,30.44,0.05,0,1,626
8924,359,8,9,116,42,29.01,0.05,0,1,626
8925,332,9,9,120,39,31.93,0.05,0,1,626
8926,362,9,9,110,41,29.08,0.05,0,1,626
8927,359,8,9,125,39,34.61,0.05,0,1,626
8928,342,8,9,121,38,33.13,0.05,0,1,626
8929,346,8,9,126,40,32.29,0.05,0,1,626
8930,377,9,9,133,43,36.13,0.05,0,1,626
8931,380,8,9,130,43,35.3,0.05,0,1,626
8932,362,9,9,121,42,27.83,0.05,0,1,626
8933,369,9,9,123,42,30.86,0.05,0,1,626
8934,354,8,9,127,41,32.16,0.05,0,1,626
8935,363,8,9,130,42,35.17,0.05,0,1,626
8936,375,8,9,128,42,33.55,0.05,0,1,626
8937,27,0,1,11,4,-4.02,0.05,1,0,626
8938,370,8,9,115,41,30.65,0.05,0,1,626
8939,13,0,0,7,2,-4.58,0.05,1,0,626
8940,356,8,9,129,40,35.99,0.05,0,1,626
8941,389,9,9,127,45,27.51,0.05,0,1,626
8942,393,8,9,126,44,30.67,0.05,0,1,626
8943,358,9,9,118,41,28.32,0.05,0,1,626
8944,355,8,9,125,41,30.1,0.05,0,1,626
8945,400,9,9,129,43,32.6,0.05,0,1,626
8946,361,9,9,132,42,32.89,0.05,0,1,626
8947,400,2,2,65,18,12.45,0.05,0,1,626
8948,379,8,9,123,43,32.51,0.05,0,1,626
8949,356,9,9,120,42,30.84,0.05,0,1,626
8950,332,9,9,109,39,29.88,0.05,0,1,626
8951,368,8,9,112,41,28.37,0.05,0,1,626
8952,369,8,9,132,42,35.61,0.05,0,1,626
8953,328,8,9,122,38,31.82,0.05,0,1,626
8954,400,9,9,113,43,29.75,0.05,0,1,626
8955,355,9,9,116,42,29.8,0.05,0,1,626
8956,340,9,9,118,41,32.1,0.05,0,1,626
8957,369,8,9,118,42,31.71,0.05,0,1,626
8958,361,8,9,128,41,31.79,0.05,0,1,626
8959,394,9,9,120,43,31.36,0.05,0,1,626
8960,376,8,9,134,44,36.99,0.05,0,1,626
8961,391,8,9,122,45,26.69,0.05,0,1,626
8962,400,8,9,131,45,32.35,0.05,0,1,626
8963,400,9,9,119,48,26.65,0.05,0,1,626
8964,355,9,9,119,41,31.55,0.05,0,1,626
8965,367,9,9,108,42,26.08,0.05,0,1,626
8966,380,9,9,120,43,31.3,0.05,0,1,626
8967,370,9,9,130,41,31.3,0.05,0,1,626
8968,346,8,9,120,41,26.09,0.05,0,1,626
8969,346,9,9,121,41,29.54,0.05,0,1,626
8970,369,9,9,118,44,29.61,0.05,0,1,626
8971,343,8,9,129,40,33.17,0.05,0,1,626
8972,351,9,9,125,41,33.94,0.05,0,1,626
8973,13,0,0,6,2,-4.98,0.05,1,0,626
8974,357,8,9,121,41,31.33,0.05,0,1,626
8975,348,9,9,111,41,26.47,0.05,0,1,626
8976,375,8,9,125,44,31.5,0.05,0,1,626
8977,384,9,9,129,45,31.86,0.05,0,1,626
8978,400,6,6,115,34,31.95,0.05,0,1,626
8979,400,4,4,76,24,17.65,0.05,0,1,626
8980,400,9,9,129,46,32.25,0.05,0,1,626
8981,370,9,9,121,42,31.1,0.05,0,1,626
8982,400,2,2,40,12,6.2,0.05,0,1,626
8983,346,8,9,116,38,32.99,0.05,0,1,626
8984,350,8,9,127,40,34.1,0.05,0,1,626
8985,377,9,9,118,42,28.88,0.05,0,1,626
8986,400,7,7,118,45,29.6,0.05,0,1,626
8987,373,8,9,123,41,33.67,0.05,0,1,626
8988,372,9,9,137,43,32.08,0.05,0,1,626
8989,370,9,9,127,45,32.0,0.05,0,1,626
8990,400,2,2,62,18,7.35,0.05,0,1,626
8991,344,8,9,118,41,25.61,0.05,0,1,626
8992,378,8,9,121,45,29.32,0.05,0,1,626
8993,383,9,9,124,43,33.77,0.05,0,1,626
8994,348,9,9,112,38,27.57,0.05,0,1,626
8995,400,7,7,133,48,30.25,0.05,0,1,626
8996,375,9,9,117,42,26.75,0.05,0,1,626
8997,400,7,7,131,46,27.0,0.05,0,1,626
8998,350,8,9,125,40,31.45,0.05,0,1,626
8999,369,9,9,122,42,30.11,0.05,0,1,626
9000,371,8,9,129,44,31.84,0.05,0,1,626
9001,382,9,9,132,43,36.03,0.05,0,1,626
9002,370,9,9,119,42,28.6,0.05,0,1,626
9003,338,8,9,124,40,36.52,0.05,0,1,626
9004,365,9,9,126,43,32.8,0.05,0,1,626
9005,344,8,9,119,41,28.81,0.05,0,1,626
9006,380,8,9,122,43,31.45,0.05,0,1,626
9007,235,4,4,96,30,15.1,0.05,1,0,626
9008,20,0,0,9,3,-4.5,0.05,1,0,626
9009,225,6,6,87,27,15.85,0.05,1,0,626
9010,343,9,9,121,40,27.02,0.05,0,1,626
9011,371,9,9,115,41,28.24,0.05,0,1,626
9012,347,9,9,128,40,34.78,0.05,0,1,626
9013,391,8,9,120,42,34.79,0.05,0,1,626
9014,400,0,0,36,12,0.75,0.05,0,1,626
9015,391,8,9,125,45,29.89,0.05,0,1,626
9016,368,9,9,121,40,35.02,0.05,0,1,626
9017,359,8,9,120,41,29.56,0.05,0,1,626
9018,352,8,9,126,42,33.53,0.05,0,1,626
9019,391,9,9,120,46,31.49,0.05,0,1,626
9020,339,9,9,117,40,29.06,0.05,0,1,626
9021,381,9,9,121,42,33.29,0.05,0,1,626
9022,366,9,9,130,44,32.84,0.05,0,1,626
9023,400,9,9,115,41,24.1,0.05,0,1,626
9024,322,9,9,123,35,34.38,0.05,0,1,626
9025,363,8,9,130,42,37.97,0.05,0,1,626
9026,347,8,9,128,42,32.83,0.05,0,1,626
9027,324,8,9,122,37,33.66,0.05,0,1,626
9028,372,8,9,126,44,27.98,0.05,0,1,626
9029,337,9,9,123,40,32.63,0.05,0,1,626
9030,20,0,0,9,3,-4.6,0.05,1,0,626
9031,390,8,9,136,45,36.55,0.05,0,1,626
9032,358,9,9,124,40,35.32,0.05,0,1,626
9033,377,8,9,125,44,28.58,0.05,0,1,626
9034,363,9,9,124,40,34.22,0.05,0,1,626
9035,357,8,9,127,42,32.88,0.05,0,1,626
9036,400,0,0,0,0,-4.25,0.05,0,1,626
9037,371,8,9,117,43,29.74,0.05,0,1,626
9038,380,8,9,133,45,35.1,0.05,0,1,626
9039,352,9,9,125,40,31.68,0.05,0,1,626
9040,371,9,9,117,44,24.54,0.05,0,1,626
9041,326,9,9,124,40,33.64,0.05,0,1,626
9042,369,9,9,122,42,31.16,0.05,0,1,626
9043,371,9,9,132,43,35.89,0.05,0,1,626
9044,361,8,9,116,40,32.69,0.05,0,1,626
9045,400,7,7,117,40,28.3,0.05,0,1,626
9046,357,8,9,115,42,28.53,0.05,0,1,626
9047,400,8,8,133,45,30.15,0.05,0,1,626
9048,398,8,9,128,46,34.02,0.05,0,1,626
9049,352,9,9,125,40,32.68,0.05,0,1,626
9050,331,9,9,108,39,28.19,0.05,0,1,626
9051,400,8,8,123,42,28.9,0.05,0,1,626
9052,399,8,9,123,43,31.86,0.05,0,1,626
9053,206,5,5,91,26,17.99,0.05,1,0,626
9054,386,8,9,115,43,31.69,0.05,0,1,626
9055,400,3,3,91,29,20.35,0.05,0,1,626
9056,400,8,8,123,43,31.75,0.05,0,1,626
9057,400,6,6,109,30,28.15,0.05,0,1,626
9058,386,9,9,120,47,20.99,0.05,0,1,626
9059,346,8,9,118,39,29.44,0.05,0,1,626
9060,27,0,0,12,4,-3.92,0.05,1,0,626
9061,391,9,9,131,45,35.44,0.05,0,1,626
9062,400,1,1,41,13,3.35,0.05,0,1,626
9063,371,8,9,117,42,31.34,0.05,0,1,626
9064,391,9,9,129,44,30.49,0.05,0,1,626
9065,367,8,9,124,43,32.53,0.05,0,1,626
9066,371,8,9,129,44,32.19,0.05,0,1,626
9067,336,8,9,120,36,31.59,0.05,0,1,626
9068,342,9,9,111,38,30.83,0.05,0,1,626
9069,400,6,6,100,30,19.65,0.05,0,1,626
9070,397,9,9,118,45,28.63,0.05,0,1,626
9071,365,8,9,124,42,32.3,0.05,0,1,626
9072,382,8,9,125,44,31.43,0.05,0,1,626
9073,365,8,9,120,41,31.6,0.05,0,1,626
9074,400,6,6,116,36,29.0,0.05,0,1,626
9075,366,9,9,127,41,34.14,0.05,0,1,626
9076,369,9,9,123,42,33.36,0.05,0,1,626
9077,394,9,9,121,46,29.11,0.05,0,1,626
9078,370,9,9,112,40,29.75,0.05,0,1,626
9079,395,9,9,122,43,33.75,0.05,0,1,626
9080,351,9,9,113,41,28.94,0.05,0,1,626
9081,375,8,9,127,43,33.55,0.05,0,1,626
9082,400,1,1,13,3,-0.4,0.05,0,1,626
9083,396,8,9,121,46,26.69,0.05,0,1,626
9084,381,9,9,128,47,28.64,0.05,0,1,626
9085,363,9,9,123,42,31.32,0.05,0,1,626
9086,352,9,9,120,40,30.63,0.05,0,1,626
9087,341,8,9,120,39,29.84,0.05,0,1,626
9088,400,9,9,117,44,33.25,0.05,0,1,626
9089,385,8,9,122,43,29.15,0.05,0,1,626
9090,361,9,9,128,42,33.54,0.05,0,1,626
9091,400,7,7,126,41,30.0,0.05,0,1,626
9092,385,9,9,130,47,31.5,0.05,0,1,626
9093,375,9,9,126,40,34.4,0.05,0,1,626
9094,400,5,5,111,35,22.4,0.05,0,1,626
9095,400,8,8,124,47,28.7,0.05,0,1,626
9096,376,9,9,127,44,33.34,0.05,0,1,626
9097,391,8,9,130,45,31.09,0.05,0,1,626
9098,360,9,9,130,41,33.65,0.05,0,1,626
9099,345,8,9,127,42,31.1,0.05,0,1,626
9100,388,8,9,127,42,33.02,0.05,0,1,626
9101,400,3,3,55,17,8.25,0.05,0,1,626
9102,343,9,9,121,42,31.42,0.05,0,1,626
9103,354,9,9,116,41,29.96,0.05,0,1,626
9104,344,9,9,126,41,29.61,0.05,0,1,626
9105,353,9,9,125,42,33.67,0.05,0,1,626
9106,400,1,1,53,15,6.8,0.05,0,1,626
9107,380,8,9,131,44,35.1,0.05,0,1,626
9108,317,7,7,118,38,24.03,0.05,1,0,626
9109,337,8,9,114,39,29.13,0.05,0,1,626
9110,357,9,9,118,41,29.43,0.05,0,1,626
9111,382,8,9,129,44,34.88,0.05,0,1,626
9112,366,9,9,127,42,32.64,0.05,0,1,626
9113,400,6,6,83,32,8.5,0.05,0,1,626
9114,366,8,9,123,42,31.74,0.05,0,1,626
9115,398,8,9,126,47,28.07,0.05,0,1,626
9116,331,9,9,116,38,33.39,0.05,0,1,626
9117,395,9,9,124,45,29.2,0.05,0,1,626
9118,99,1,1,36,13,1.11,0.05,1,0,626
9119,364,8,9,129,43,28.96,0.05,0,1,626
9120,380,8,9,125,44,32.8,0.05,0,1,626
9121,367,8,9,127,41,32.33,0.05,0,1,626
9122,367,9,9,130,42,34.33,0.05,0,1,626
9123,324,9,9,117,38,31.16,0.05,0,1,626
9124,290,5,5,107,37,15.65,0.05,1,0,626
9125,346,9,9,114,38,29.79,0.05,0,1,626
9126,366,9,9,120,41,25.64,0.05,0,1,626
9127,360,9,9,132,42,31.05,0.05,0,1,626
9128,400,2,2,48,15,6.3,0.05,0,1,626
9129,380,9,9,118,42,31.75,0.05,0,1,626
9130,390,9,9,123,45,31.2,0.05,0,1,626
9131,377,9,9,126,44,32.23,0.05,0,1,626
9132,368,8,9,130,41,31.97,0.05,0,1,626
9133,356,8,9,113,40,27.69,0.05,0,1,626
9134,360,8,9,124,43,30.3,0.05,0,1,626
9135,369,9,9,124,42,33.31,0.05,0,1,626
9136,316,9,9,117,39,31.49,0.05,0,1,626
9137,124,1,1,61,17,5.86,0.05,1,0,626
9138,354,9,9,118,39,31.26,0.05,0,1,626
9139,336,9,9,114,37,31.69,0.05,0,1,626
9140,400,2,2,54,17,7.05,0.05,0,1,626
9141,400,8,8,115,46,27.1,0.05,0,1,626
9142,343,9,9,116,40,30.02,0.05,0,1,626
9143,374,9,9,114,42,28.36,0.05,0,1,626
9144,373,9,9,119,43,32.32,0.05,0,1,626
9145,262,7,7,98,32,17.18,0.05,1,0,626
9146,368,9,9,118,44,29.57,0.05,0,1,626
9147,391,9,9,120,45,30.34,0.05,0,1,626
9148,388,8,9,118,45,28.27,0.05,0,1,626
9149,376,9,9,126,43,29.04,0.05,0,1,626
9150,376,9,9,124,45,31.19,0.05,0,1,626
9151,392,9,9,125,45,31.28,0.05,0,1,626
9152,368,9,9,126,42,33.02,0.05,0,1,626
9153,389,9,9,126,45,32.01,0.05,0,1,626
9154,395,9,9,122,44,30.4,0.05,0,1,626
9155,351,9,9,120,40,29.54,0.05,0,1,626
9156,400,4,4,37,13,3.45,0.05,0,1,626
9157,383,9,9,127,44,30.02,0.05,0,1,626
9158,27,0,0,10,4,-4.52,0.05,1,0,626
9159,336,8,9,124,40,34.84,0.05,0,1,626
9160,400,3,3,70,20,12.5,0.05,0,1,626
9161,400,6,6,115,36,29.45,0.05,0,1,626
9162,345,9,9,130,41,35.0,0.05,0,1,626
9163,335,8,9,129,40,34.75,0.05,0,1,626
9164,384,9,9,131,43,34.11,0.05,0,1,626
9165,379,8,9,124,44,27.51,0.05,0,1,626
9166,350,9,9,119,42,30.6,0.05,0,1,626
9167,395,8,9,124,41,33.8,0.05,0,1,626
9168,344,9,9,128,40,32.11,0.05,0,1,626
9169,368,9,9,124,43,27.12,0.05,0,1,626
9170,366,8,9,124,43,31.64,0.05,0,1,626
9171,358,9,9,122,40,32.32,0.05,0,1,626
9172,377,8,9,119,39,31.73,0.05,0,1,626
9173,400,8,8,119,44,23.5,0.05,0,1,626
9174,345,8,9,118,38,31.2,0.05,0,1,626
9175,365,9,9,134,40,36.4,0.05,0,1,626
9176,378,9,9,127,42,32.57,0.05,0,1,626
9177,349,8,9,128,37,37.41,0.05,0,1,626
9178,359,9,9,116,40,33.61,0.05,0,1,626
9179,374,9,9,125,45,29.81,0.05,0,1,626
9180,352,8,9,125,40,36.83,0.05,0,1,626
9181,365,8,9,125,42,34.5,0.05,0,1,626
9182,400,6,6,100,28,20.1,0.05,0,1,626
9183,364,8,9,124,40,32.46,0.05,0,1,626
9184,101,0,0,49,14,4.94,0.05,1,0,626
9185,49,1,1,18,7,-3.74,0.05,1,0,626
9186,325,9,9,119,39,33.5,0.05,0,1,626
9187,322,8,9,126,39,29.58,0.05,0,1,626
9188,355,8,9,123,39,33.15,0.05,0,1,626
9189,363,8,9,121,43,34.02,0.05,0,1,626
9190,364,9,9,121,39,31.16,0.05,0,1,626
9191,400,3,3,51,14,9.9,0.05,0,1,626
9192,362,9,9,117,41,30.63,0.05,0,1,626
9193,354,8,9,125,41,34.76,0.05,0,1,626
9194,400,8,8,126,40,33.3,0.05,0,1,626
9195,400,8,8,129,44,32.1,0.05,0,1,626
9196,353,9,9,127,42,33.92,0.05,0,1,626
9197,376,9,9,115,43,31.09,0.05,0,1,626
9198,363,9,9,108,43,25.22,0.05,0,1,626
9199,334,9,9,120,37,31.36,0.05,0,1,626
9200,13,0,0,7,2,-4.58,0.05,1,0,626
9201,27,0,0,11,4,-5.17,0.05,1,0,626
9202,396,9,9,128,44,36.79,0.05,0,1,626
9203,400,3,3,49,14,6.7,0.05,0,1,626
9204,335,9,9,128,40,32.0,0.05,0,1,626
9205,27,0,0,9,4,-5.82,0.05,1,0,626
9206,349,8,9,113,40,28.31,0.05,0,1,626
9207,400,9,9,125,46,30.35,0.05,0,1,626
9208,324,8,9,125,39,33.36,0.05,0,1,626
9209,390,8,9,122,45,28.25,0.05,0,1,626
9210,379,8,9,125,44,33.86,0.05,0,1,626
9211,373,8,9,127,42,34.97,0.05,0,1,626
9212,349,9,9,127,41,32.16,0.05,0,1,626
9213,380,9,9,129,44,35.0,0.05,0,1,626
9214,357,8,9,126,44,33.18,0.05,0,1,626
9215,393,9,9,128,45,33.22,0.05,0,1,626
9216,382,9,9,125,42,31.08,0.05,0,1,626
9217,347,8,9,129,41,34.38,0.05,0,1,626
9218,374,8,9,117,41,27.91,0.05,0,1,626
9219,356,9,9,119,39,31.44,0.05,0,1,626
9220,400,9,9,131,46,29.55,0.05,0,1,626
9221,379,8,9,129,44,29.51,0.05,0,1,626
9222,400,8,8,119,41,27.15,0.05,0,1,626
9223,400,8,8,128,44,31.75,0.05,0,1,626
9224,364,8,9,120,43,28.91,0.05,0,1,626
9225,400,7,7,122,39,29.85,0.05,0,1,626
9226,343,8,9,115,41,27.77,0.05,0,1,626
9227,389,8,9,124,46,27.06,0.05,0,1,626
9228,339,8,9,115,38,29.96,0.05,0,1,626
9229,387,9,9,129,44,29.73,0.05,0,1,626
9230,345,9,9,118,39,32.1,0.05,0,1,626
9231,385,8,9,125,45,31.35,0.05,0,1,626
9232,364,9,9,123,43,28.51,0.05,0,1,626
9233,352,8,9,129,41,31.38,0.05,0,1,626
9234,178,5,5,77,23,16.67,0.05,1,0,626
9235,343,8,9,117,39,31.27,0.05,0,1,626
9236,400,6,6,123,47,24.65,0.05,0,1,626
9237,399,8,9,119,46,30.36,0.05,0,1,626
9238,361,8,9,115,41,30.59,0.05,0,1,626
9239,302,9,9,120,36,29.43,0.05,0,1,626
9240,371,8,9,121,43,29.44,0.05,0,1,626
9241,383,9,9,120,44,31.02,0.05,0,1,626
9242,377,9,9,123,43,31.13,0.05,0,1,626
9243,400,8,8,123,46,25.25,0.05,0,1,626
9244,368,9,9,123,42,29.72,0.05,0,1,626
9245,400,9,9,130,47,33.3,0.05,0,1,626
9246,388,9,9,124,45,27.17,0.05,0,1,626
9247,400,6,6,113,36,26.8,0.05,0,1,626
9248,371,9,9,129,43,32.04,0.05,0,1,626
9249,355,8,9,120,41,31.15,0.05,0,1,626
9250,372,8,9,125,43,32.33,0.05,0,1,626
9251,27,1,1,13,4,-1.67,0.05,1,0,626
9252,385,8,9,123,44,29.95,0.05,0,1,626
9253,348,9,9,122,41,32.82,0.05,0,1,626
9254,362,9,9,123,40,32.63,0.05,0,1,626
9255,326,9,9,116,37,27.29,0.05,0,1,626
9256,354,9,9,122,41,29.11,0.05,0,1,626
9257,318,8,9,121,37,29.92,0.05,0,1,626
9258,400,9,9,128,46,31.85,0.05,0,1,626
9259,400,9,9,121,49,23.7,0.05,0,1,626
9260,362,9,9,130,44,31.98,0.05,0,1,626
9261,400,1,1,34,10,0.2,0.05,0,1,626
9262,388,8,9,132,46,31.32,0.05,0,1,626
9263,339,8,9,122,38,32.01,0.05,0,1,626
9264,392,9,9,135,43,37.73,0.05,0,1,626
9265,365,9,9,121,40,33.65,0.05,0,1,626
9266,381,8,9,124,44,31.84,0.05,0,1,626
9267,372,9,9,129,43,31.18,0.05,0,1,626
9268,377,9,9,123,46,28.93,0.05,0,1,626
9269,391,9,9,129,46,31.69,0.05,0,1,626
9270,343,9,9,122,42,28.17,0.05,0,1,626
9271,338,8,9,118,41,29.67,0.05,0,1,626
9272,374,9,9,124,43,30.81,0.05,0,1,626
9273,361,9,9,134,42,33.44,0.05,0,1,626
9274,329,8,9,117,37,30.16,0.05,0,1,626
9275,400,4,4,75,22,13.6,0.05,0,1,626
9276,392,9,9,135,46,33.93,0.05,0,1,626
9277,378,9,9,119,43,28.27,0.05,0,1,626
9278,363,8,9,123,42,33.37,0.05,0,1,626
9279,358,9,9,125,42,31.82,0.05,0,1,626
9280,400,5,5,108,33,21.4,0.05,0,1,626
9281,367,9,9,121,41,32.78,0.05,0,1,626
9282,400,0,0,39,12,1.7,0.05,0,1,626
9283,400,4,4,54,16,8.85,0.05,0,1,626
9284,341,8,9,122,38,33.69,0.05,0,1,626
9285,378,9,9,122,42,31.42,0.05,0,1,626
9286,355,9,9,123,40,32.3,0.05,0,1,626
9287,347,9,9,116,36,33.38,0.05,0,1,626
9288,362,8,9,116,40,29.68,0.05,0,1,626
9289,376,8,9,129,44,30.04,0.05,0,1,626
9290,375,8,9,125,42,31.35,0.05,0,1,626
9291,399,9,9,125,45,30.91,0.05,0,1,626
9292,374,8,9,123,42,30.11,0.05,0,1,626
9293,400,5,5,120,39,26.9,0.05,0,1,626
9294,369,9,9,106,44,25.96,0.05,0,1,626
9295,353,8,9,129,43,32.37,0.05,0,1,626
9296,376,9,9,121,44,30.84,0.05,0,1,626
9297,368,9,9,126,43,32.47,0.05,0,1,626
9298,400,9,9,120,46,31.75,0.05,0,1,626
9299,367,9,9,124,42,32.43,0.05,0,1,626
9300,399,8,9,135,45,32.71,0.05,0,1,626
9301,352,9,9,120,42,28.43,0.05,0,1,626
9302,331,8,9,130,38,34.34,0.05,0,1,626
9303,355,9,9,136,42,36.15,0.05,0,1,626
9304,353,8,9,117,41,29.87,0.05,0,1,626
9305,250,4,4,102,31,16.45,0.05,1,0,626
9306,346,9,9,118,39,33.79,0.05,0,1,626
9307,382,8,9,123,42,32.08,0.05,0,1,626
9308,343,9,9,125,41,33.22,0.05,0,1,626
9309,351,9,9,121,40,30.79,0.05,0,1,626
9310,340,9,9,120,38,29.85,0.05,0,1,626
9311,380,8,9,129,44,32.55,0.05,0,1,626
9312,383,8,9,132,45,30.72,0.05,0,1,626
9313,384,8,9,129,43,32.66,0.05,0,1,626
9314,378,9,9,125,42,34.37,0.05,0,1,626
9315,400,8,8,124,45,27.6,0.05,0,1,626
9316,399,9,9,123,45,30.51,0.05,0,1,626
9317,392,9,9,122,43,29.58,0.05,0,1,626
9318,344,8,9,122,42,29.36,0.05,0,1,626
9319,379,8,9,119,43,29.66,0.05,0,1,626
9320,395,9,9,121,47,27.8,0.05,0,1,626
9321,351,9,9,123,41,29.79,0.05,0,1,626
9322,338,9,9,119,39,30.67,0.05,0,1,626
9323,370,9,9,123,43,31.9,0.05,0,1,626
9324,366,8,9,117,42,30.74,0.05,0,1,626
9325,400,7,7,127,41,24.8,0.05,0,1,626
9326,366,8,9,117,42,29.44,0.05,0,1,626
9327,357,9,9,123,41,32.78,0.05,0,1,626
9328,400,6,6,107,35,22.75,0.05,0,1,626
9329,13,0,0,7,2,-4.68,0.05,1,0,626
9330,374,9,9,126,43,30.31,0.05,0,1,626
9331,393,8,9,132,44,31.92,0.05,0,1,626
9332,400,5,5,96,31,24.55,0.05,0,1,626
9333,400,9,9,130,47,26.7,0.05,0,1,626
9334,344,8,9,120,41,27.26,0.05,0,1,626
9335,380,8,9,117,44,27.95,0.05,0,1,626
9336,400,8,8,119,42,30.45,0.05,0,1,626
9337,340,9,9,124,40,34.4,0.05,0,1,626
9338,400,3,3,77,22,16.1,0.05,0,1,626
9339,364,9,9,116,40,32.96,0.05,0,1,626
9340,349,9,9,126,40,33.36,0.05,0,1,626
9341,366,8,9,115,42,28.59,0.05,0,1,626
9342,400,0,0,17,6,-1.45,0.05,0,1,626
9343,382,8,9,124,43,26.98,0.05,0,1,626
9344,400,1,1,66,19,9.6,0.05,0,1,626
9345,350,9,9,127,41,34.05,0.05,0,1,626
9346,359,8,9,128,42,33.06,0.05,0,1,626
9347,350,8,9,126,43,28.0,0.05,0,1,626
9348,331,8,9,127,39,35.29,0.05,0,1,626
9349,359,9,9,126,42,32.11,0.05,0,1,626
9350,350,9,9,117,40,29.9,0.05,0,1,626
9351,354,9,9,120,41,31.41,0.05,0,1,626
9352,351,8,9,111,41,26.14,0.05,0,1,626
9353,27,0,0,7,4,-5.92,0.05,1,0,626
9354,361,8,9,131,43,32.29,0.05,0,1,626
9355,306,9,9,122,35,35.09,0.05,0,1,626
9356,383,8,9,128,43,35.07,0.05,0,1,626
9357,400,2,2,36,11,1.7,0.05,0,1,626
9358,333,9,9,116,36,32.32,0.05,0,1,626
9359,400,2,2,58,18,8.85,0.05,0,1,626
9360,353,8,9,123,43,30.12,0.05,0,1,626
9361,378,8,9,138,44,35.22,0.05,0,1,626
9362,372,9,9,126,45,33.03,0.05,0,1,626
9363,400,9,9,134,46,34.0,0.05,0,1,626
9364,329,8,9,124,40,31.91,0.05,0,1,626
9365,346,8,9,116,40,30.74,0.05,0,1,626
9366,362,8,9,122,42,29.93,0.05,0,1,626
9367,357,9,9,130,41,33.63,0.05,0,1,626
9368,343,9,9,123,41,33.12,0.05,0,1,626
9369,349,8,9,118,40,33.21,0.05,0,1,626
9370,351,9,9,116,40,30.19,0.05,0,1,626
9371,378,8,9,128,43,33.67,0.05,0,1,626
9372,356,9,9,117,41,28.89,0.05,0,1,626
9373,345,8,9,116,40,32.15,0.05,0,1,626
9374,221,3,3,86,28,9.04,0.05,1,0,626
9375,378,9,9,116,44,27.22,0.05,0,1,626
9376,385,9,9,123,45,30.0,0.05,0,1,626
9377,335,9,9,114,39,29.4,0.05,0,1,626
9378,384,8,9,129,44,33.16,0.05,0,1,626
9379,400,9,9,120,48,26.85,0.05,0,1,626
9380,364,9,9,126,41,33.31,0.05,0,1,626
9381,378,8,9,130,42,30.77,0.05,0,1,626
9382,395,9,9,124,46,30.9,0.05,0,1,626
9383,375,9,9,126,42,34.2,0.05,0,1,626
9384,400,6,6,105,36,22.6,0.05,0,1,626
9385,391,9,9,132,43,38.24,0.05,0,1,626
9386,400,3,3,80,23,15.2,0.05,0,1,626
9387,27,0,0,11,4,-5.57,0.05,1,0,626
9388,273,5,5,103,34,17.37,0.05,1,0,626
9389,176,3,3,74,21,13.09,0.05,1,0,626
9390,360,9,9,116,43,28.45,0.05,0,1,626
9391,390,8,9,122,45,29.25,0.05,0,1,626
9392,371,8,9,122,44,28.59,0.05,0,1,626
9393,102,1,1,46,14,3.78,0.05,1,0,626
9394,374,8,9,122,43,28.01,0.05,0,1,626
9395,379,9,9,130,45,32.71,0.05,0,1,626
9396,398,8,9,128,44,33.77,0.05,0,1,626
9397,355,9,9,126,40,31.45,0.05,0,1,626
9398,400,5,5,103,32,25.6,0.05,0,1,626
9399,377,9,9,127,44,29.33,0.05,0,1,626
9400,320,8,9,128,38,38.05,0.05,0,1,626
9401,376,8,9,127,44,30.74,0.05,0,1,626
9402,331,8,9,120,39,29.99,0.05,0,1,626
9403,400,3,3,55,16,9.0,0.05,0,1,626
9404,366,8,9,114,44,26.09,0.05,0,1,626
9405,383,9,9,129,44,30.92,0.05,0,1,626
9406,334,8,9,122,38,34.76,0.05,0,1,626
9407,322,9,9,124,38,32.08,0.05,0,1,626
9408,380,8,9,109,42,30.3,0.05,0,1,626
9409,400,5,5,109,33,23.95,0.05,0,1,626
9410,349,9,9,119,43,29.61,0.05,0,1,626
9411,27,0,0,9,4,-6.27,0.05,1,0,626
9412,379,9,9,128,43,34.86,0.05,0,1,626
9413,365,8,9,120,42,30.2,0.05,0,1,626
9414,400,9,9,126,42,36.0,0.05,0,1,626
9415,346,9,9,119,40,29.89,0.05,0,1,626
9416,400,7,7,133,45,33.85,0.05,0,1,626
9417,351,8,9,136,38,40.19,0.05,0,1,626
9418,400,7,7,130,41,27.6,0.05,0,1,626
9419,400,9,9,127,45,32.1,0.05,0,1,626
9420,380,8,9,121,44,28.5,0.05,0,1,626
9421,391,8,9,125,44,31.64,0.05,0,1,626
9422,349,8,9,124,40,35.56,0.05,0,1,626
9423,345,8,9,119,41,28.05,0.05,0,1,626
9424,385,9,9,131,45,34.55,0.05,0,1,626
9425,400,8,8,124,43,34.45,0.05,0,1,626
9426,368,9,9,116,41,29.22,0.05,0,1,626
9427,354,9,9,120,42,30.76,0.05,0,1,626
9428,13,0,0,7,2,-4.93,0.05,1,0,626
9429,375,8,9,117,42,31.7,0.05,0,1,626
9430,400,0,0,35,11,-0.25,0.05,0,1,626
9431,400,7,7,120,36,30.55,0.05,0,1,626
9432,400,1,1,41,15,3.1,0.05,0,1,626
9433,294,8,8,110,36,19.86,0.05,1,0,626
9434,396,8,9,125,44,32.49,0.05,0,1,626
9435,400,7,7,130,43,34.55,0.05,0,1,626
9436,346,8,9,127,39,31.94,0.05,0,1,626
9437,364,9,9,126,43,29.86,0.05,0,1,626
9438,20,1,1,9,3,-4.0,0.05,1,0,626
9439,383,9,9,128,41,36.92,0.05,0,1,626
9440,400,1,1,57,15,7.6,0.05,0,1,626
9441,400,6,6,89,29,19.2,0.05,0,1,626
9442,374,8,9,122,44,29.31,0.05,0,1,626
9443,400,8,9,127,45,30.95,0.05,0,1,626
9444,378,8,9,118,43,28.27,0.05,0,1,626
9445,400,9,9,117,46,29.7,0.05,0,1,626
9446,400,4,4,51,15,7.6,0.05,0,1,626
9447,400,3,3,63,19,10.9,0.05,0,1,626
9448,50,1,1,23,7,-1.25,0.05,1,0,626
9449,353,8,9,131,40,36.32,0.05,0,1,626
9450,347,9,9,113,40,27.78,0.05,0,1,626
9451,332,9,9,125,37,33.48,0.05,0,1,626
9452,400,8,8,119,37,27.1,0.05,0,1,626
9453,400,8,8,127,47,30.95,0.05,0,1,626
9454,27,0,0,10,4,-5.42,0.05,1,0,626
9455,340,9,9,112,41,26.9,0.05,0,1,626
9456,353,9,9,120,41,32.32,0.05,0,1,626
9457,356,8,9,130,41,33.69,0.05,0,1,626
9458,400,5,5,103,33,22.3,0.05,0,1,626
9459,376,9,9,122,46,28.34,0.05,0,1,626
9460,400,6,6,99,30,21.25,0.05,0,1,626
9461,400,8,8,119,41,31.7,0.05,0,1,626
9462,345,8,9,119,38,30.05,0.05,0,1,626
9463,375,8,9,120,43,31.65,0.05,0,1,626
9464,28,0,0,11,4,-5.23,0.05,1,0,626
9465,369,9,9,125,45,32.01,0.05,0,1,626
9466,350,8,9,117,42,29.5,0.05,0,1,626
9467,384,9,9,127,44,32.16,0.05,0,1,626
9468,357,8,9,123,41,26.83,0.05,0,1,626
9469,384,9,9,131,42,34.86,0.05,0,1,626
9470,377,8,9,125,41,30.08,0.05,0,1,626
9471,352,8,9,125,42,32.23,0.05,0,1,626
9472,400,0,0,65,22,4.7,0.05,0,1,626
9473,372,8,9,133,44,33.03,0.05,0,1,626
9474,381,8,9,123,43,27.34,0.05,0,1,626
9475,381,9,9,120,44,27.34,0.05,0,1,626
9476,310,9,9,129,37,35.2,0.05,0,1,626
9477,351,9,9,121,42,31.04,0.05,0,1,626
9478,13,0,0,7,2,-4.68,0.05,1,0,626
9479,354,8,9,120,39,31.31,0.05,0,1,626
9480,359,8,9,122,42,29.96,0.05,0,1,626
9481,328,8,9,120,38,32.97,0.05,0,1,626
9482,344,9,9,125,39,34.51,0.05,0,1,626
9483,346,9,9,126,40,32.39,0.05,0,1,626
9484,378,8,9,121,43,28.62,0.05,0,1,626
9485,365,9,9,115,43,28.8,0.05,0,1,626
9486,356,8,9,127,41,32.24,0.05,0,1,626
9487,354,8,9,129,42,31.76,0.05,0,1,626
9488,400,3,3,58,18,9.5,0.05,0,1,626
9489,336,9,9,119,39,32.04,0.05,0,1,626
9490,339,8,9,117,40,30.36,0.05,0,1,626
9491,387,9,9,130,45,33.13,0.05,0,1,626
9492,392,8,9,127,47,29.23,0.05,0,1,626
9493,400,9,9,131,47,29.95,0.05,0,1,626
9494,374,9,9,123,43,28.61,0.05,0,1,626
9495,358,9,9,121,42,31.57,0.05,0,1,626
9496,373,8,9,119,42,29.27,0.05,0,1,626
9497,400,9,9,128,43,34.65,0.05,0,1,626
9498,387,9,9,126,43,32.53,0.05,0,1,626
9499,386,8,9,118,44,27.29,0.05,0,1,626
9500,331,8,9,121,39,33.99,0.05,0,1,626
9501,371,8,9,128,41,35.34,0.05,0,1,626
9502,389,8,9,130,44,31.26,0.05,0,1,626
9503,385,8,9,128,45,31.5,0.05,0,1,626
9504,358,9,9,124,42,31.82,0.05,0,1,626
9505,384,8,9,128,44,31.56,0.05,0,1,626
9506,331,9,9,126,37,36.74,0.05,0,1,626
9507,400,1,1,44,16,2.35,0.05,0,1,626
9508,400,6,6,113,38,26.4,0.05,0,1,626
9509,377,9,9,121,43,28.53,0.05,0,1,626
9510,382,9,9,122,45,28.53,0.05,0,1,626
9511,363,8,9,117,40,32.92,0.05,0,1,626
9512,364,9,9,126,42,32.36,0.05,0,1,626
9513,359,8,9,122,42,32.66,0.05,0,1,626
9514,392,8,9,110,43,26.58,0.05,0,1,626
9515,363,8,9,134,41,35.12,0.05,0,1,626
9516,392,9,9,127,46,32.48,0.05,0,1,626
9517,387,8,9,134,44,35.58,0.05,0,1,626
9518,380,9,9,119,42,31.65,0.05,0,1,626
9519,354,8,9,123,42,30.86,0.05,0,1,626
9520,355,9,9,124,42,31.35,0.05,0,1,626
9521,354,8,9,124,42,27.71,0.05,0,1,626
9522,337,8,9,125,39,34.28,0.05,0,1,626
9523,369,9,9,128,43,29.26,0.05,0,1,626
9524,393,9,9,121,42,30.77,0.05,0,1,626
9525,377,9,9,113,42,26.88,0.05,0,1,626
9526,400,0,0,0,0,-4.25,0.05,0,1,626
9527,350,8,9,122,40,32.8,0.05,0,1,626
9528,377,9,9,124,43,32.53,0.05,0,1,626
9529,367,9,9,128,45,29.98,0.05,0,1,626
9530,400,9,9,120,45,28.45,0.05,0,1,626
9531,327,8,9,126,38,31.88,0.05,0,1,626
9532,333,8,9,121,39,30.92,0.05,0,1,626
9533,319,9,9,116,37,30.61,0.05,0,1,626
9534,400,9,9,130,43,32.95,0.05,0,1,626
9535,13,0,0,6,2,-4.98,0.05,1,0,626
9536,400,8,8,121,38,29.7,0.05,0,1,626
9537,359,9,9,120,42,31.76,0.05,0,1,626
9538,392,9,9,120,45,26.38,0.05,0,1,626
9539,339,9,9,124,39,34.66,0.05,0,1,626
9540,20,0,0,8,3,-4.95,0.05,1,0,626
9541,363,9,9,113,42,25.17,0.05,0,1,626
9542,363,9,9,126,43,29.92,0.05,0,1,626
9543,369,9,9,129,44,35.66,0.05,0,1,626
9544,368,8,9,127,41,34.22,0.05,0,1,626
9545,400,4,4,54,16,10.7,0.05,0,1,626
9546,352,8,9,125,41,33.68,0.05,0,1,626
9547,392,9,9,121,44,34.73,0.05,0,1,626
9548,374,8,9,122,44,29.51,0.05,0,1,626
9549,400,8,8,120,44,30.25,0.05,0,1,626
9550,326,9,9,124,39,33.84,0.05,0,1,626
9551,368,9,9,119,43,30.97,0.05,0,1,626
9552,349,9,9,126,40,34.06,0.05,0,1,626
9553,371,8,9,131,43,31.59,0.05,0,1,626
9554,375,9,9,125,43,32.9,0.05,0,1,626
9555,375,8,9,119,44,28.6,0.05,0,1,626
9556,393,8,9,117,45,31.32,0.05,0,1,626
9557,392,8,9,121,46,28.28,0.05,0,1,626
9558,400,8,8,124,40,29.15,0.05,0,1,626
9559,318,8,9,114,37,26.37,0.05,0,1,626
9560,286,5,5,123,36,23.19,0.05,1,0,626
9561,357,8,9,123,41,32.13,0.05,0,1,626
9562,398,8,9,122,43,31.97,0.05,0,1,626
9563,348,9,9,127,41,33.37,0.05,0,1,626
9564,400,6,6,75,21,17.95,0.05,0,1,626
9565,400,4,4,92,26,19.25,0.05,0,1,626
9566,372,8,9,117,43,27.98,0.05,0,1,626
9567,351,9,9,121,40,32.14,0.05,0,1,626
9568,357,9,9,116,40,30.73,0.05,0,1,626
9569,352,9,9,116,41,27.38,0.05,0,1,626
9570,353,8,9,120,42,30.17,0.05,0,1,626
9571,363,8,9,123,44,29.37,0.05,0,1,626
9572,209,6,6,92,27,18.41,0.05,1,0,626
9573,350,9,9,128,42,31.85,0.05,0,1,626
9574,361,9,9,129,43,33.04,0.05,0,1,626
9575,363,8,9,128,40,33.62,0.05,0,1,626
9576,359,9,9,121,42,33.61,0.05,0,1,626
9577,340,9,9,126,40,33.0,0.05,0,1,626
9578,367,9,9,112,39,30.03,0.05,0,1,626
9579,366,9,9,118,42,33.69,0.05,0,1,626
9580,344,9,9,109,40,33.16,0.05,0,1,626
9581,400,4,4,62,20,12.3,0.05,0,1,626
9582,194,7,7,84,25,16.51,0.05,1,0,626
9583,362,8,9,107,43,26.08,0.05,0,1,626
9584,367,9,9,120,42,29.13,0.05,0,1,626
9585,170,3,3,54,21,5.25,0.05,1,0,626
9586,387,9,9,128,44,28.78,0.05,0,1,626
9587,367,8,9,121,41,31.08,0.05,0,1,626
9588,390,9,9,119,42,34.9,0.05,0,1,626
9589,400,7,7,78,23,19.05,0.05,0,1,626
9590,379,8,9,125,43,30.86,0.05,0,1,626
9591,400,7,7,120,38,28.75,0.05,0,1,626
9592,271,6,6,98,33,16.29,0.05,1,0,626
9593,341,8,9,117,38,34.14,0.05,0,1,626
9594,361,9,9,114,41,27.79,0.05,0,1,626
9595,400,9,9,122,45,30.85,0.05,0,1,626
9596,387,8,9,123,43,27.63,0.05,0,1,626
9597,356,8,9,130,43,32.84,0.05,0,1,626
9598,370,8,9,119,41,30.85,0.05,0,1,626
9599,366,9,9,133,44,32.79,0.05,0,1,626
9600,387,8,9,127,44,33.88,0.05,0,1,626
9601,334,8,9,119,38,30.86,0.05,0,1,626
9602,13,0,0,6,2,-4.78,0.05,1,0,626
9603,341,8,9,119,38,31.04,0.05,0,1,626
9604,369,9,9,127,44,32.76,0.05,0,1,626
9605,398,9,9,133,45,33.02,0.05,0,1,626
9606,369,8,9,120,44,29.71,0.05,0,1,626
9607,387,8,9,119,45,28.98,0.05,0,1,626
9608,365,9,9,124,42,30.45,0.05,0,1,626
9609,358,9,9,121,38,37.07,0.05,0,1,626
9610,400,0,0,7,2,-4.15,0.05,0,1,626
9611,400,8,8,119,39,25.45,0.05,0,1,626
9612,341,8,9,123,41,29.74,0.05,0,1,626
9613,332,8,9,123,40,33.13,0.05,0,1,626
9614,400,9,9,124,47,28.35,0.05,0,1,626
9615,395,9,9,124,45,32.45,0.05,0,1,626
9616,400,9,9,129,44,31.05,0.05,0,1,626
9617,357,8,9,129,42,33.98,0.05,0,1,626
9618,400,3,3,51,16,9.15,0.05,0,1,626
9619,400,8,8,125,35,33.95,0.05,0,1,626
9620,371,9,9,129,44,33.99,0.05,0,1,626
9621,27,0,0,12,4,-4.32,0.05,1,0,626
9622,400,5,5,80,27,17.5,0.05,0,1,626
9623,350,9,9,123,40,33.85,0.05,0,1,626
9624,391,9,9,124,45,27.89,0.05,0,1,626
9625,390,8,9,123,42,31.95,0.05,0,1,626
9626,385,9,9,128,46,28.85,0.05,0,1,626
9627,363,8,9,133,42,33.12,0.05,0,1,626
9628,13,0,0,7,2,-4.68,0.05,1,0,626
9629,344,8,9,114,39,30.41,0.05,0,1,626
9630,369,8,9,118,41,28.71,0.05,0,1,626
9631,363,9,9,128,43,29.52,0.05,0,1,626
9632,43,1,1,27,6,1.22,0.05,1,0,626
9633,338,9,9,118,39,28.07,0.05,0,1,626
9634,342,9,9,118,39,32.73,0.05,0,1,626
9635,348,8,9,120,41,29.27,0.05,0,1,626
9636,372,9,9,117,42,30.13,0.05,0,1,626
9637,400,9,9,127,43,37.6,0.05,0,1,626
9638,400,5,5,68,25,11.4,0.05,0,1,626
9639,382,8,9,126,46,33.38,0.05,0,1,626
9640,378,8,9,130,42,33.87,0.05,0,1,626
9641,400,9,9,119,48,30.15,0.05,0,1,626
9642,386,9,9,127,42,34.49,0.05,0,1,626
9643,400,0,0,25,7,0.8,0.05,0,1,626
9644,71,1,1,33,10,0.44,0.05,1,0,626
9645,380,9,9,122,44,25.95,0.05,0,1,626
9646,338,9,9,117,39,29.17,0.05,0,1,626
9647,371,8,9,117,45,25.54,0.05,0,1,626
9648,400,8,8,127,49,25.3,0.05,0,1,626
9649,400,7,7,135,41,33.05,0.05,0,1,626
9650,224,5,5,93,29,16.51,0.05,1,0,626
9651,27,0,0,9,4,-5.32,0.05,1,0,626
9652,361,8,9,120,40,32.59,0.05,0,1,626
9653,373,8,9,125,44,31.37,0.05,0,1,626
9654,375,9,9,120,42,31.5,0.05,0,1,626
9655,359,8,9,115,42,31.36,0.05,0,1,626
9656,382,9,9,121,44,31.78,0.05,0,1,626
9657,382,9,9,120,45,26.98,0.05,0,1,626
9658,400,9,9,127,47,32.6,0.05,0,1,626
9659,388,8,9,124,46,31.37,0.05,0,1,626
9660,371,8,9,126,44,28.19,0.05,0,1,626
9661,27,1,1,11,4,-3.97,0.05,1,0,626
9662,359,9,9,119,39,31.16,0.05,0,1,626
9663,400,9,9,130,42,30.8,0.05,0,1,626
9664,400,4,4,74,20,16.45,0.05,0,1,626
9665,392,9,9,121,44,31.33,0.05,0,1,626
9666,400,7,7,93,29,22.75,0.05,0,1,626
9667,364,8,9,120,42,25.76,0.05,0,1,626
9668,345,9,9,123,39,32.05,0.05,0,1,626
9669,376,9,9,125,44,28.94,0.05,0,1,626
9670,377,8,9,118,41,30.98,0.05,0,1,626
9671,316,8,9,131,39,33.34,0.05,0,1,626
9672,20,0,0,11,3,-4.05,0.05,1,0,626
9673,332,9,9,114,39,29.18,0.05,0,1,626
9674,363,9,9,133,43,35.47,0.05,0,1,626
9675,375,8,9,130,43,36.25,0.05,0,1,626
9676,399,9,9,130,47,35.06,0.05,0,1,626
9677,358,9,9,122,42,28.57,0.05,0,1,626
9678,377,9,9,119,41,28.53,0.05,0,1,626
9679,380,9,9,121,45,23.15,0.05,0,1,626
9680,367,8,9,122,42,29.83,0.05,0,1,626
9681,357,8,9,125,40,35.93,0.05,0,1,626
9682,357,9,9,126,41,32.78,0.05,0,1,626
9683,400,8,8,116,39,29.85,0.05,0,1,626
9684,27,0,0,11,4,-3.82,0.05,1,0,626
9685,374,8,9,125,41,30.91,0.05,0,1,626
9686,400,0,0,25,8,-1.7,0.05,0,1,626
9687,322,8,9,124,38,31.78,0.05,0,1,626
9688,400,5,5,114,37,29.1,0.05,0,1,626
9689,400,8,8,128,49,23.4,0.05,0,1,626
9690,400,7,7,99,34,23.35,0.05,0,1,626
9691,362,9,9,134,40,35.18,0.05,0,1,626
9692,400,4,4,101,29,22.75,0.05,0,1,626
9693,345,9,9,122,39,32.4,0.05,0,1,626
9694,400,8,8,118,40,32.05,0.05,0,1,626
9695,374,9,9,127,41,32.46,0.05,0,1,626
9696,400,3,3,67,18,13.0,0.05,0,1,626
9697,377,8,9,138,43,34.63,0.05,0,1,626
9698,364,8,9,126,42,33.56,0.05,0,1,626
9699,367,8,9,126,41,31.48,0.05,0,1,626
9700,394,8,9,121,45,30.51,0.05,0,1,626
9701,372,8,9,128,43,30.28,0.05,0,1,626
9702,361,9,9,125,41,33.84,0.05,0,1,626
9703,400,5,5,106,31,24.9,0.05,0,1,626
9704,353,8,9,126,40,32.02,0.05,0,1,626
9705,370,9,9,130,43,31.0,0.05,0,1,626
9706,331,9,9,128,39,36.84,0.05,0,1,626
9707,400,3,3,91,26,19.55,0.05,0,1,626
9708,390,8,9,132,46,30.2,0.05,0,1,626
9709,367,8,9,131,42,30.68,0.05,0,1,626
9710,400,8,8,116,38,28.95,0.05,0,1,626
9711,400,7,7,126,41,30.75,0.05,0,1,626
9712,384,8,9,133,44,33.26,0.05,0,1,626
9713,347,8,9,113,39,30.33,0.05,0,1,626
9714,371,8,9,120,45,26.04,0.05,0,1,626
9715,380,8,9,114,43,29.75,0.05,0,1,626
9716,267,7,7,110,33,24.33,0.05,1,0,626
9717,362,8,9,123,42,32.58,0.05,0,1,626
9718,285,7,7,116,36,22.65,0.05,1,0,626
9719,400,4,4,43,14,6.0,0.05,0,1,626
9720,337,8,9,115,37,29.58,0.05,0,1,626
9721,375,9,9,135,44,36.9,0.05,0,1,626
9722,364,8,9,121,41,32.06,0.05,0,1,626
9723,365,9,9,125,44,28.3,0.05,0,1,626
9724,396,8,9,135,47,29.44,0.05,0,1,626
9725,400,8,8,123,38,29.1,0.05,0,1,626
9726,367,8,9,117,43,28.78,0.05,0,1,626
9727,398,9,9,124,45,29.77,0.05,0,1,626
9728,368,9,9,116,43,33.22,0.05,0,1,626
9729,365,9,9,122,44,29.4,0.05,0,1,626
9730,357,9,9,118,41,30.33,0.05,0,1,626
9731,383,8,9,126,42,32.82,0.05,0,1,626
9732,391,8,9,131,45,31.79,0.05,0,1,626
9733,400,7,7,93,30,24.3,0.05,0,1,626
9734,400,8,8,121,42,32.05,0.05,0,1,626
9735,386,8,9,133,45,30.74,0.05,0,1,626
9736,379,8,9,129,42,34.56,0.05,0,1,626
9737,384,9,9,123,43,31.51,0.05,0,1,626
9738,386,9,9,132,46,33.34,0.05,0,1,626
9739,344,9,9,123,41,28.01,0.05,0,1,626
9740,351,9,9,116,41,30.14,0.05,0,1,626
9741,379,8,9,128,44,32.36,0.05,0,1,626
9742,385,9,9,125,43,28.1,0.05,0,1,626
9743,390,9,9,125,41,35.65,0.05,0,1,626
9744,373,8,9,116,44,27.37,0.05,0,1,626
9745,400,8,8,132,48,27.75,0.05,0,1,626
9746,371,9,9,114,43,27.84,0.05,0,1,626
9747,400,8,8,113,39,27.3,0.05,0,1,626
9748,328,8,9,123,38,31.87,0.05,0,1,626
9749,374,8,9,132,44,35.21,0.05,0,1,626
9750,400,0,0,0,0,-4.4,0.05,0,1,626
9751,365,9,9,121,42,28.75,0.05,0,1,626
9752,349,9,9,123,40,31.66,0.05,0,1,626
9753,396,9,9,131,44,34.34,0.05,0,1,626
9754,366,9,9,119,41,29.24,0.05,0,1,626
9755,340,9,9,121,38,34.85,0.05,0,1,626
9756,400,8,8,112,37,25.1,0.05,0,1,626
9757,13,0,0,6,2,-4.78,0.05,1,0,626
9758,380,9,9,118,41,31.85,0.05,0,1,626
9759,398,8,9,119,42,33.92,0.05,0,1,626
9760,355,9,9,129,43,35.2,0.05,0,1,626
9761,400,8,8,112,38,26.8,0.05,0,1,626
9762,337,8,9,122,38,33.18,0.05,0,1,626
9763,355,8,9,135,43,30.2,0.05,0,1,626
9764,332,9,9,121,39,33.08,0.05,0,1,626
9765,368,8,9,128,41,33.67,0.05,0,1,626
9766,369,9,9,122,44,29.96,0.05,0,1,626
9767,348,8,9,117,39,33.72,0.05,0,1,626
9768,365,9,9,120,42,31.5,0.05,0,1,626
9769,400,7,7,105,31,26.1,0.05,0,1,626
9770,389,9,9,127,45,30.16,0.05,0,1,626
9771,313,9,9,123,36,35.12,0.05,0,1,626
9772,400,7,7,126,39,33.2,0.05,0,1,626
9773,344,8,9,119,41,31.51,0.05,0,1,626
9774,380,9,9,115,42,29.55,0.05,0,1,626
9775,362,8,9,119,41,29.68,0.05,0,1,626
9776,346,9,9,119,38,32.94,0.05,0,1,626
9777,399,9,9,125,48,27.11,0.05,0,1,626
9778,355,8,9,118,40,30.35,0.05,0,1,626
9779,400,8,8,131,40,31.15,0.05,0,1,626
9780,386,9,9,133,45,32.34,0.05,0,1,626
9781,367,9,9,124,42,32.88,0.05,0,1,626
9782,338,8,9,114,38,32.92,0.05,0,1,626
9783,367,9,9,126,43,30.53,0.05,0,1,626
9784,397,8,9,130,47,30.58,0.05,0,1,626
9785,364,8,9,123,40,33.76,0.05,0,1,626
9786,400,2,2,37,11,1.9,0.05,0,1,626
9787,334,8,9,130,40,31.81,0.05,0,1,626
9788,400,6,6,91,27,20.2,0.05,0,1,626
9789,331,9,9,125,39,31.59,0.05,0,1,626
9790,356,9,9,123,42,31.64,0.05,0,1,626
9791,362,8,9,120,40,32.88,0.05,0,1,626
9792,325,8,9,117,37,26.3,0.05,0,1,626
9793,379,9,9,133,42,34.56,0.05,0,1,626
9794,370,8,9,120,44,30.85,0.05,0,1,626
9795,351,9,9,112,38,28.44,0.05,0,1,626
9796,386,9,9,127,41,34.59,0.05,0,1,626
9797,400,6,6,126,40,27.8,0.05,0,1,626
9798,333,9,9,117,39,28.92,0.05,0,1,626
9799,374,9,9,124,44,31.96,0.05,0,1,626
9800,393,8,9,131,46,30.27,0.05,0,1,626
9801,400,5,5,83,24,20.25,0.05,0,1,626
9802,389,9,9,115,43,30.41,0.05,0,1,626
9803,325,8,9,115,36,30.95,0.05,0,1,626
9804,349,8,9,130,42,34.16,0.05,0,1,626
9805,381,8,9,126,43,31.44,0.05,0,1,626
9806,27,0,0,10,4,-5.52,0.05,1,0,626
9807,374,8,9,119,42,30.31,0.05,0,1,626
9808,398,9,9,123,44,30.62,0.05,0,1,626
9809,49,0,0,19,7,-3.59,0.05,1,0,626
9810,400,6,6,113,39,26.55,0.05,0,1,626
9811,332,9,9,124,40,29.68,0.05,0,1,626
9812,365,8,9,120,41,29.35,0.05,0,1,626
9813,400,9,9,124,48,32.85,0.05,0,1,626
9814,357,9,9,122,41,32.88,0.05,0,1,626
9815,44,1,1,21,6,-0.84,0.05,1,0,626
9816,13,0,0,8,2,-4.83,0.05,1,0,626
9817,370,8,9,119,43,29.85,0.05,0,1,626
9818,358,8,9,124,40,33.17,0.05,0,1,626
9819,389,8,9,121,44,31.51,0.05,0,1,626
9820,13,0,0,6,2,-4.88,0.05,1,0,626
9821,400,8,8,127,44,33.85,0.05,0,1,626
9822,400,9,9,119,46,32.6,0.05,0,1,626
9823,340,9,9,120,40,22.45,0.05,1,0,627
9824,339,9,9,122,40,31.56,0.05,0,1,627
9825,400,8,8,127,47,28.95,0.05,0,1,627
9826,27,0,0,14,4,-2.82,0.05,1,0,627
9827,378,8,9,125,45,29.82,0.05,0,1,627
9828,345,8,9,113,40,29.25,0.05,0,1,627
9829,344,9,9,125,39,30.11,0.05,0,1,627
9830,323,8,9,116,39,26.57,0.05,0,1,627
9831,400,9,9,126,49,28.4,0.05,0,1,627
9832,371,8,9,123,41,26.84,0.05,0,1,627
9833,337,9,9,113,39,31.68,0.05,0,1,627
9834,375,8,9,125,42,30.45,0.05,0,1,627
9835,364,9,9,126,42,33.01,0.05,0,1,627
9836,373,9,9,125,44,32.17,0.05,0,1,627
9837,393,9,9,119,45,30.82,0.05,0,1,627
9838,380,8,9,123,43,31.85,0.05,0,1,627
9839,380,9,9,131,45,32.7,0.05,0,1,627
9840,375,8,9,133,45,33.25,0.05,0,1,627
9841,371,8,9,125,43,31.59,0.05,0,1,627
9842,358,9,9,123,41,31.42,0.05,0,1,627
9843,359,8,9,125,42,30.96,0.05,0,1,627
9844,400,8,8,127,45,30.6,0.05,0,1,627
9845,373,9,9,122,41,29.87,0.05,0,1,627
9846,383,8,9,129,44,30.77,0.05,0,1,627
9847,400,2,2,43,15,2.4,0.05,0,1,627
9848,375,9,9,119,42,31.65,0.05,0,1,627
9849,350,8,9,139,41,32.8,0.05,0,1,627
9850,368,8,9,118,43,29.67,0.05,0,1,627
9851,365,8,9,120,42,31.9,0.05,0,1,627
9852,366,9,9,130,43,29.64,0.05,0,1,627
9853,384,9,9,127,42,35.71,0.05,0,1,627
9854,399,8,9,123,44,29.16,0.05,0,1,627
9855,338,8,9,122,38,32.37,0.05,0,1,627
9856,379,8,9,125,44,27.96,0.05,0,1,627
9857,388,9,9,117,42,31.72,0.05,0,1,627
9858,400,7,7,92,25,20.4,0.05,0,1,627
9859,359,9,9,107,39,25.66,0.05,0,1,627
9860,340,8,9,128,39,37.35,0.05,0,1,627
9861,345,8,9,132,41,37.7,0.05,0,1,627
9862,361,9,9,126,43,26.04,0.05,0,1,627
9863,361,8,9,111,42,31.64,0.05,0,1,627
9864,320,8,9,112,37,31.0,0.05,0,1,627
9865,13,0,0,7,2,-4.68,0.05,1,0,627
9866,377,8,9,115,43,26.23,0.05,0,1,627
9867,374,9,9,125,41,31.86,0.05,0,1,627
9868,336,8,9,113,38,28.14,0.05,0,1,627
9869,400,0,0,16,7,-3.0,0.05,0,1,627
9870,27,0,0,9,4,-4.82,0.05,1,0,627
9871,342,9,9,121,40,30.63,0.05,0,1,627
9872,339,8,9,121,40,29.66,0.05,0,1,627
9873,400,2,2,56,15,8.8,0.05,0,1,627
9874,373,8,9,126,44,32.22,0.05,0,1,627
9875,375,9,9,124,46,27.7,0.05,0,1,627
9876,374,9,9,119,44,30.36,0.05,0,1,627
9877,355,8,9,112,40,31.05,0.05,0,1,627
9878,356,9,9,121,39,35.69,0.05,0,1,627
9879,357,8,9,125,41,29.43,0.05,0,1,627
9880,329,9,9,124,38,31.56,0.05,0,1,627
9881,298,9,9,116,37,28.32,0.05,0,1,627
9882,382,8,9,123,44,29.18,0.05,0,1,627
9883,386,9,9,128,43,33.49,0.05,0,1,627
9884,400,4,4,51,14,8.05,0.05,0,1,627
9885,400,7,7,109,36,24.1,0.05,0,1,627
9886,384,9,9,125,45,29.46,0.05,0,1,627
9887,400,3,3,52,15,7.25,0.05,0,1,627
9888,343,9,9,130,41,36.62,0.05,0,1,627
9889,362,9,9,127,41,34.18,0.05,0,1,627
9890,400,9,9,118,44,34.0,0.05,0,1,627
9891,400,6,6,63,21,11.75,0.05,0,1,627
9892,391,9,9,131,44,34.84,0.05,0,1,627
9893,358,9,9,124,43,30.17,0.05,0,1,627
9894,377,9,9,127,46,29.98,0.05,0,1,627
9895,364,8,9,120,45,27.71,0.05,0,1,627
9896,400,8,8,123,43,33.65,0.05,0,1,627
9897,371,9,9,129,44,33.99,0.05,0,1,627
9898,335,9,9,131,40,35.05,0.05,0,1,627
9899,375,9,9,130,43,32.7,0.05,0,1,627
9900,400,6,6,107,35,28.9,0.05,0,1,627
9901,376,8,9,125,43,32.34,0.05,0,1,627
9902,374,9,9,123,43,31.36,0.05,0,1,627
9903,323,8,9,121,37,29.42,0.05,0,1,627
9904,370,9,9,123,45,24.6,0.05,0,1,627
9905,394,9,9,123,43,32.41,0.05,0,1,627
9906,348,8,9,119,41,27.87,0.05,0,1,627
9907,359,9,9,124,42,30.16,0.05,0,1,627
9908,400,1,1,16,4,-1.0,0.05,0,1,627
9909,388,9,9,128,43,36.02,0.05,0,1,627
9910,364,9,9,128,40,34.31,0.05,0,1,627
9911,400,4,4,80,24,16.2,0.05,0,1,627
9912,356,9,9,124,41,32.74,0.05,0,1,627
9913,374,9,9,130,42,35.16,0.05,0,1,627
9914,377,9,9,108,44,26.68,0.05,0,1,627
9915,400,6,6,106,34,23.15,0.05,0,1,627
9916,312,9,9,119,36,31.58,0.05,0,1,627
9917,380,8,9,127,44,31.95,0.05,0,1,627
9918,13,0,0,8,2,-4.18,0.05,1,0,627
9919,325,9,9,111,37,29.65,0.05,0,1,627
9920,400,3,3,94,32,18.25,0.05,0,1,627
9921,343,8,9,126,39,34.42,0.05,0,1,627
9922,400,0,0,4,2,-4.45,0.05,0,1,627
9923,367,8,9,118,42,29.43,0.05,0,1,627
9924,393,8,9,124,44,34.72,0.05,0,1,627
9925,344,9,9,119,39,31.46,0.05,0,1,627
9926,350,9,9,117,40,31.3,0.05,0,1,627
9927,327,8,9,121,39,33.38,0.05,0,1,627
9928,400,6,6,91,30,21.85,0.05,0,1,627
9929,323,9,9,126,39,26.92,0.05,0,1,627
9930,400,7,7,132,49,27.75,0.05,0,1,627
9931,370,8,9,120,42,27.5,0.05,0,1,627
9932,352,9,9,120,41,31.93,0.05,0,1,627
9933,322,9,9,119,38,32.28,0.05,0,1,627
9934,400,4,4,97,33,17.4,0.05,0,1,627
9935,400,1,1,16,4,-0.85,0.05,0,1,627
9936,380,8,9,123,41,36.3,0.05,0,1,627
9937,400,6,6,118,39,29.85,0.05,0,1,627
9938,359,9,9,126,40,34.06,0.05,0,1,627
9939,43,0,0,25,6,-0.78,0.05,1,0,627
9940,215,5,5,85,27,15.15,0.05,1,0,627
9941,360,8,9,120,43,26.5,0.05,0,1,627
9942,386,8,9,139,43,36.39,0.05,0,1,627
9943,377,8,9,120,43,31.18,0.05,0,1,627
9944,362,8,9,130,42,32.78,0.05,0,1,627
9945,357,8,9,113,42,27.23,0.05,0,1,627
9946,400,0,0,34,12,0.25,0.05,0,1,627
9947,345,8,9,125,38,33.4,0.05,0,1,627
9948,28,0,0,10,4,-5.03,0.05,1,0,627
9949,354,8,9,117,39,26.96,0.05,0,1,627
9950,349,8,9,122,40,31.61,0.05,0,1,627
9951,359,8,9,119,40,30.21,0.05,0,1,627
9952,342,9,9,127,41,33.08,0.05,0,1,627
9953,399,8,9,130,44,34.31,0.05,0,1,627
9954,354,9,9,128,40,31.91,0.05,0,1,627
9955,358,8,9,124,42,32.22,0.05,0,1,627
9956,400,9,9,132,46,32.2,0.05,0,1,627
9957,345,8,9,111,39,28.95,0.05,0,1,627
9958,351,9,9,115,40,28.59,0.05,0,1,627
9959,357,9,9,119,41,31.43,0.05,0,1,627
9960,353,9,9,128,43,31.37,0.05,0,1,627
9961,348,9,9,129,39,35.02,0.05,0,1,627
9962,372,8,9,134,43,33.73,0.05,0,1,627
9963,400,8,8,126,48,28.25,0.05,0,1,627
9964,400,8,8,136,46,27.45,0.05,0,1,627
9965,345,8,9,114,39,30.15,0.05,0,1,627
9966,343,9,9,126,41,34.22,0.05,0,1,627
9967,400,1,1,15,4,-1.8,0.05,0,1,627
9968,349,8,9,121,41,32.86,0.05,0,1,627
9969,354,8,9,128,43,32.56,0.05,0,1,627
9970,369,8,9,128,43,30.36,0.05,0,1,627
9971,359,8,9,135,43,34.21,0.05,0,1,627
9972,379,8,9,125,45,28.41,0.05,0,1,627
9973,400,9,9,124,45,32.05,0.05,0,1,627
9974,27,1,1,11,4,-4.12,0.05,1,0,627
9975,400,8,8,130,43,30.6,0.05,0,1,627
9976,363,9,9,130,43,34.22,0.05,0,1,627
9977,326,8,9,117,39,28.79,0.05,0,1,627
9978,347,9,9,113,38,30.18,0.05,0,1,627
9979,354,9,9,122,41,31.86,0.05,0,1,627
9980,359,9,9,123,42,28.71,0.05,0,1,627
9981,305,7,7,114,38,20.85,0.05,1,0,627
9982,365,9,9,128,44,32.4,0.05,0,1,627
9983,400,9,9,121,44,34.05,0.05,0,1,627
9984,342,8,9,122,38,32.53,0.05,0,1,627
9985,358,9,9,122,41,32.27,0.05,0,1,627
9986,373,9,9,128,42,28.87,0.05,0,1,627
9987,354,9,9,125,42,34.61,0.05,0,1,627
9988,372,8,9,128,45,31.48,0.05,0,1,627
9989,383,9,9,126,44,32.37,0.05,0,1,627
9990,400,8,8,121,42,28.55,0.05,0,1,627
9991,368,9,9,120,40,32.22,0.05,0,1,627
9992,400,8,8,126,47,30.35,0.05,0,1,627
9993,340,8,9,119,36,35.05,0.05,0,1,627
9994,400,2,2,61,18,9.6,0.05,0,1,627
9995,355,9,9,126,42,30.8,0.05,0,1,627
9996,364,8,9,119,40,32.21,0.05,0,1,627
9997,388,8,9,121,44,28.07,0.05,0,1,627
9998,353,9,9,127,41,30.07,0.05,0,1,627
9999,369,9,9,130,40,34.41,0.05,0,1,627
10000,383,8,9,129,46,32.02,0.05,0,1,627
10001,348,9,9,118,40,28.27,0.05,0,1,627
10002,368,9,9,118,44,28.02,0.05,0,1,627
10003,346,8,9,122,40,32.74,0.05,0,1,627
10004,358,8,9,117,40,31.67,0.05,0,1,627
10005,380,9,9,127,46,30.25,0.05,0,1,627
10006,400,8,8,121,45,28.65,0.05,0,1,627
10007,400,5,5,99,27,25.25,0.05,0,1,627
10008,347,9,9,119,43,23.98,0.05,0,1,627
10009,373,9,9,122,44,31.32,0.05,0,1,627
10010,373,8,9,128,43,33.32,0.05,0,1,627
10011,294,4,4,116,35,21.21,0.05,1,0,627
10012,397,8,9,124,45,33.03,0.05,0,1,627
10013,376,8,9,133,45,32.04,0.05,0,1,627
10014,359,9,9,128,40,31.91,0.05,0,1,627
10015,344,8,9,116,39,30.71,0.05,0,1,627
10016,374,9,9,115,42,29.81,0.05,0,1,627
10017,347,9,9,124,41,31.33,0.05,0,1,627
10018,378,8,9,123,44,32.77,0.05,0,1,627
10019,42,0,0,16,6,-3.42,0.05,1,0,627
10020,362,8,9,117,43,26.08,0.05,0,1,627
10021,347,8,9,124,41,34.13,0.05,0,1,627
10022,400,9,9,125,46,30.6,0.05,0,1,627
10023,393,8,9,120,45,28.47,0.05,0,1,627
10024,400,0,0,8,2,-3.5,0.05,0,1,627
10025,382,8,9,119,40,30.33,0.05,0,1,627
10026,370,9,9,112,41,29.5,0.05,0,1,627
10027,366,8,9,122,41,33.54,0.05,0,1,627
10028,171,5,5,75,21,16.44,0.05,1,0,627
10029,372,8,9,116,43,30.18,0.05,0,1,627
10030,358,8,9,127,42,28.92,0.05,0,1,627
10031,343,9,9,127,43,31.37,0.05,0,1,627
10032,27,0,0,10,4,-4.97,0.05,1,0,627
10033,354,8,9,114,40,29.81,0.05,0,1,627
10034,371,9,9,121,43,31.04,0.05,0,1,627
10035,400,7,7,108,37,23.25,0.05,0,1,627
10036,351,9,9,111,40,28.44,0.05,0,1,627
10037,378,8,9,118,42,28.02,0.05,0,1,627
10038,343,9,9,123,40,28.57,0.05,0,1,627
10039,400,9,9,128,47,29.75,0.05,0,1,627
10040,377,9,9,118,43,31.38,0.05,0,1,627
10041,360,9,9,122,43,31.35,0.05,0,1,627
10042,365,8,9,129,43,33.85,0.05,0,1,627
10043,400,9,9,130,46,33.75,0.05,0,1,627
10044,255,7,7,108,32,24.0,0.05,1,0,627
10045,372,8,9,128,43,33.68,0.05,0,1,627
10046,378,8,9,133,44,33.77,0.05,0,1,627
10047,347,8,9,120,41,31.58,0.05,0,1,627
10048,340,9,9,120,40,33.85,0.05,0,1,627
10049,338,9,9,124,39,33.02,0.05,0,1,627
10050,362,8,9,118,39,30.98,0.05,0,1,627
10051,371,9,9,124,43,29.04,0.05,0,1,627
10052,385,9,9,123,44,32.45,0.05,0,1,627
10053,390,9,9,125,47,28.4,0.05,0,1,627
10054,359,8,9,127,42,34.06,0.05,0,1,627
10055,345,8,9,121,41,27.7,0.05,0,1,627
10056,332,8,9,120,37,35.23,0.05,0,1,627
10057,349,9,9,108,41,24.16,0.05,0,1,627
10058,193,2,2,78,25,7.42,0.05,1,0,627
10059,371,9,9,129,44,31.54,0.05,0,1,627
10060,378,8,9,120,40,33.77,0.05,0,1,627
10061,363,9,9,127,42,36.82,0.05,0,1,627
10062,400,8,8,122,45,27.85,0.05,0,1,627
10063,378,9,9,129,43,31.77,0.05,0,1,627
10064,343,8,9,123,41,34.32,0.05,0,1,627
10065,324,8,9,124,39,32.61,0.05,0,1,627
10066,27,0,0,11,4,-5.12,0.05,1,0,627
10067,355,8,9,124,40,29.75,0.05,0,1,627
10068,352,9,9,116,41,28.93,0.05,0,1,627
10069,386,9,9,126,45,29.24,0.05,0,1,627
10070,363,8,9,123,40,34.32,0.05,0,1,627
10071,369,8,9,121,43,30.56,0.05,0,1,627
10072,353,9,9,135,41,33.42,0.05,0,1,627
10073,382,8,9,130,43,35.03,0.05,0,1,627
10074,400,9,9,130,45,34.35,0.05,0,1,627
10075,373,8,9,113,43,27.77,0.05,0,1,627
10076,400,5,5,110,35,24.3,0.05,0,1,627
10077,400,0,0,50,14,5.15,0.05,0,1,627
10078,400,4,4,76,25,18.65,0.05,0,1,627
10079,357,8,9,127,39,32.43,0.05,0,1,627
10080,400,3,3,35,13,1.35,0.05,0,1,627
10081,340,9,9,124,41,28.6,0.05,0,1,627
10082,358,9,9,124,42,32.92,0.05,0,1,627
10083,372,8,9,128,43,31.48,0.05,0,1,627
10084,353,9,9,113,40,27.02,0.05,0,1,627
10085,394,9,9,122,46,26.46,0.05,0,1,627
10086,372,9,9,120,45,28.68,0.05,0,1,627
10087,125,2,2,60,17,6.95,0.05,1,0,627
10088,387,9,9,130,44,28.93,0.05,0,1,627
10089,333,9,9,120,40,31.67,0.05,0,1,627
10090,391,9,9,126,44,31.94,0.05,0,1,627
10091,400,6,6,92,30,22.1,0.05,0,1,627
10092,400,5,5,115,35,27.2,0.05,0,1,627
10093,400,2,2,110,31,22.85,0.05,0,1,627
10094,400,4,4,65,19,16.1,0.05,0,1,627
10095,400,7,7,117,38,22.3,0.05,0,1,627
10096,108,2,2,47,14,2.92,0.05,1,0,627
10097,349,8,9,118,42,31.91,0.05,0,1,627
10098,389,9,9,124,45,32.91,0.05,0,1,627
10099,338,9,9,119,38,33.02,0.05,0,1,627
10100,357,8,9,136,42,33.08,0.05,0,1,627
10101,383,9,9,124,44,33.72,0.05,0,1,627
10102,400,7,7,119,40,24.2,0.05,0,1,627
10103,364,8,9,118,41,32.41,0.05,0,1,627
10104,400,4,4,96,28,23.95,0.05,0,1,627
10105,400,8,8,131,47,29.0,0.05,0,1,627
10106,342,9,9,121,38,31.13,0.05,0,1,627
10107,368,9,9,128,42,35.12,0.05,0,1,627
10108,369,9,9,122,41,33.91,0.05,0,1,627
10109,357,9,9,119,42,30.63,0.05,0,1,627
10110,400,9,9,124,42,37.05,0.05,0,1,627
10111,400,7,7,118,41,28.4,0.05,0,1,627
10112,346,8,9,117,41,30.59,0.05,0,1,627
10113,355,8,9,121,42,31.3,0.05,0,1,627
10114,381,9,9,132,46,34.04,0.05,0,1,627
10115,369,9,9,131,43,35.91,0.05,0,1,627
10116,369,9,9,123,43,29.36,0.05,0,1,627
10117,370,8,9,125,43,32.8,0.05,0,1,627
10118,348,9,9,128,39,30.72,0.05,0,1,627
10119,357,9,9,119,40,36.18,0.05,0,1,627
10120,391,8,9,128,45,31.44,0.05,0,1,627
10121,369,9,9,121,42,31.66,0.05,0,1,627
10122,389,8,9,129,43,30.16,0.05,0,1,627
10123,400,7,7,116,34,29.65,0.05,0,1,627
10124,13,0,0,7,2,-4.58,0.05,1,0,627
10125,350,8,9,115,42,27.45,0.05,0,1,627
10126,46,1,1,20,6,-1.46,0.05,1,0,627
10127,400,0,0,5,2,-4.05,0.05,0,1,627
10128,400,9,9,124,48,25.45,0.05,0,1,627
10129,347,9,9,118,41,31.28,0.05,0,1,627
10130,348,9,9,122,41,29.02,0.05,0,1,627
10131,338,9,9,115,40,27.52,0.05,0,1,627
10132,400,6,6,123,38,30.35,0.05,0,1,627
10133,383,8,9,117,44,28.47,0.05,0,1,627
10134,359,8,9,126,42,32.56,0.05,0,1,627
10135,387,9,9,129,43,31.98,0.05,0,1,627
10136,388,9,9,128,44,33.82,0.05,0,1,627
10137,365,9,9,125,43,29.9,0.05,0,1,627
10138,400,1,1,53,18,5.2,0.05,0,1,627
10139,370,8,9,120,42,29.65,0.05,0,1,627
10140,346,9,9,120,41,27.64,0.05,0,1,627
10141,373,8,9,120,44,29.97,0.05,0,1,627
10142,375,8,9,133,43,35.9,0.05,0,1,627
10143,337,8,9,115,39,32.28,0.05,0,1,627
10144,354,9,9,116,40,30.36,0.05,0,1,627
10145,364,9,9,129,42,31.91,0.05,0,1,627
10146,360,9,9,125,42,30.6,0.05,0,1,627
10147,358,8,9,130,39,36.32,0.05,0,1,627
10148,329,8,9,129,39,35.21,0.05,0,1,627
10149,366,9,9,123,43,29.69,0.05,0,1,627
10150,400,4,4,69,21,13.05,0.05,0,1,627
10151,354,9,9,133,42,35.36,0.05,0,1,627
10152,365,8,9,125,43,28.35,0.05,0,1,627
10153,400,8,8,117,43,27.85,0.05,0,1,627
10154,385,8,9,120,43,28.75,0.05,0,1,627
10155,366,9,9,115,40,30.99,0.05,0,1,627
10156,361,8,9,115,40,28.64,0.05,0,1,627
10157,400,9,9,123,37,33.85,0.05,0,1,627
10158,332,8,9,123,39,34.03,0.05,0,1,627
10159,394,8,9,114,44,30.41,0.05,0,1,627
10160,350,8,9,128,42,33.0,0.05,0,1,627
10161,351,9,9,115,40,30.49,0.05,0,1,627
10162,340,8,9,120,40,29.2,0.05,0,1,627
10163,363,8,9,132,42,35.42,0.05,0,1,627
10164,370,9,9,119,43,28.45,0.05,0,1,627
10165,382,9,9,130,43,34.38,0.05,0,1,627
10166,400,6,6,75,22,19.0,0.05,0,1,627
10167,365,9,9,115,42,25.9,0.05,0,1,627
10168,389,8,9,120,45,26.01,0.05,0,1,627
10169,358,8,9,121,43,24.87,0.05,0,1,627
10170,355,8,9,122,40,33.5,0.05,0,1,627
10171,339,8,9,113,42,28.61,0.05,0,1,627
10172,346,8,9,116,41,26.84,0.05,0,1,627
10173,372,9,9,122,42,28.63,0.05,0,1,627
10174,364,9,9,119,41,32.01,0.05,0,1,627
10175,13,0,0,7,2,-4.58,0.05,1,0,627
10176,357,8,9,122,40,33.38,0.05,0,1,627
10177,400,9,9,123,46,31.35,0.05,0,1,627
10178,338,8,9,116,38,29.32,0.05,0,1,627
10179,352,8,9,123,41,33.48,0.05,0,1,627
10180,339,9,9,122,38,32.96,0.05,0,1,627
10181,370,8,9,127,43,28.9,0.05,0,1,627
10182,384,8,9,135,46,34.86,0.05,0,1,627
10183,368,9,9,122,41,32.52,0.05,0,1,627
10184,350,9,9,117,39,33.2,0.05,0,1,627
10185,343,9,9,129,41,30.77,0.05,0,1,627
10186,400,4,4,84,25,20.95,0.05,0,1,627
10187,337,9,9,119,40,29.48,0.05,0,1,627
10188,400,8,8,128,46,30.9,0.05,0,1,627
10189,350,8,9,120,41,31.15,0.05,0,1,627
10190,400,2,2,47,14,5.1,0.05,0,1,627
10191,361,8,9,124,40,34.44,0.05,0,1,627
10192,358,8,9,133,44,32.32,0.05,0,1,627
10193,376,9,9,125,43,30.74,0.05,0,1,627
10194,367,9,9,126,44,28.93,0.05,0,1,627
10195,314,8,9,122,37,33.56,0.05,0,1,627
10196,379,9,9,125,41,34.81,0.05,0,1,627
10197,369,8,9,124,43,31.11,0.05,0,1,627
10198,377,9,9,130,43,35.18,0.05,0,1,627
10199,400,9,9,123,38,33.75,0.05,0,1,627
10200,362,9,9,121,40,31.93,0.05,0,1,627
10201,361,8,9,129,42,33.39,0.05,0,1,627
10202,369,8,9,124,42,29.56,0.05,0,1,627
10203,380,8,9,114,41,30.15,0.05,0,1,627
10204,384,8,9,127,45,30.61,0.05,0,1,627
10205,400,5,5,89,28,18.65,0.05,0,1,627
10206,381,9,9,126,46,29.49,0.05,0,1,627
10207,352,8,9,116,41,28.53,0.05,0,1,627
10208,392,9,9,116,45,26.28,0.05,0,1,627
10209,360,8,9,118,42,33.55,0.05,0,1,627
10210,400,8,9,119,45,26.05,0.05,0,1,627
10211,49,1,1,21,7,-2.39,0.05,1,0,627
10212,333,9,9,113,37,31.67,0.05,0,1,627
10213,350,8,9,116,42,27.6,0.05,0,1,627
10214,384,9,9,124,44,32.26,0.05,0,1,627
10215,378,9,9,121,44,31.27,0.05,0,1,627
10216,380,8,9,122,44,29.55,0.05,0,1,627
10217,337,9,9,112,39,32.73,0.05,0,1,627
10218,382,9,9,114,46,27.13,0.05,0,1,627
10219,363,8,9,122,42,29.22,0.05,0,1,627
10220,376,9,9,125,42,32.49,0.05,0,1,627
10221,374,9,9,121,42,32.96,0.05,0,1,627
10222,369,9,9,111,46,16.76,0.05,0,1,627
10223,400,5,5,81,24,18.3,0.05,0,1,627
10224,313,8,9,121,37,30.67,0.05,0,1,627
10225,375,8,9,128,45,31.75,0.05,0,1,627
10226,358,8,9,123,41,31.37,0.05,0,1,627
10227,368,9,9,124,41,33.82,0.05,0,1,627
10228,400,1,1,15,4,-0.65,0.05,0,1,627
10229,363,8,9,123,39,35.57,0.05,0,1,627
10230,375,8,9,125,44,30.3,0.05,0,1,627
10231,376,8,9,136,43,35.09,0.05,0,1,627
10232,400,1,1,18,4,-0.25,0.05,0,1,627
10233,82,2,2,35,11,2.28,0.05,1,0,627
10234,378,7,7,131,47,25.82,0.05,1,0,627
10235,400,1,1,84,25,12.55,0.05,0,1,627
10236,367,9,9,122,44,27.18,0.05,0,1,627
10237,351,9,9,119,41,28.79,0.05,0,1,627
10238,400,1,1,56,16,5.35,0.05,0,1,627
10239,367,8,9,124,41,30.43,0.05,0,1,627
10240,367,9,9,125,42,30.73,0.05,0,1,627
10241,349,8,9,123,38,35.51,0.05,0,1,627
10242,400,1,1,54,15,7.75,0.05,0,1,627
10243,27,0,0,13,4,-3.67,0.05,1,0,627
10244,391,9,9,135,46,32.99,0.05,0,1,627
10245,400,4,4,77,25,17.35,0.05,0,1,627
10246,27,1,1,9,4,-4.07,0.05,1,0,627
10247,400,5,5,103,33,23.75,0.05,0,1,627
10248,369,8,9,117,40,31.51,0.05,0,1,627
10249,400,5,5,111,36,24.1,0.05,0,1,627
10250,387,9,9,130,43,31.03,0.05,0,1,627
10251,385,8,9,114,44,27.35,0.05,0,1,627
10252,400,9,9,120,45,33.3,0.05,0,1,627
10253,384,8,9,115,43,27.51,0.05,0,1,627
10254,386,9,9,113,43,30.24,0.05,0,1,627
10255,400,9,9,126,44,33.7,0.05,0,1,627
10256,377,9,9,130,44,32.03,0.05,0,1,627
10257,373,9,9,121,41,32.77,0.05,0,1,627
10258,350,8,9,128,40,35.1,0.05,0,1,627
10259,390,8,9,121,42,32.25,0.05,0,1,627
10260,352,8,9,126,41,26.83,0.05,0,1,627
10261,366,9,9,118,43,30.94,0.05,0,1,627
10262,337,8,9,118,39,30.48,0.05,0,1,627
10263,360,9,9,121,41,33.25,0.05,0,1,627
10264,373,9,9,135,45,34.97,0.05,0,1,627
10265,362,9,9,116,42,29.68,0.05,0,1,627
10266,367,8,9,122,41,32.98,0.05,0,1,627
10267,360,8,9,131,41,34.3,0.05,0,1,627
10268,400,7,7,119,39,29.95,0.05,0,1,627
10269,397,8,9,130,43,35.58,0.05,0,1,627
10270,391,9,9,127,44,30.79,0.05,0,1,627
10271,380,8,9,132,44,32.25,0.05,0,1,627
10272,350,9,9,122,39,32.9,0.05,0,1,627
10273,386,9,9,134,44,31.84,0.05,0,1,627
10274,369,9,9,125,43,32.01,0.05,0,1,627
10275,382,8,9,121,42,35.23,0.05,0,1,627
10276,365,9,9,125,43,30.5,0.05,0,1,627
10277,377,8,9,127,43,32.58,0.05,0,1,627
10278,381,9,9,122,44,29.69,0.05,0,1,627
10279,364,8,9,116,43,26.91,0.05,0,1,627
10280,400,5,5,98,32,21.15,0.05,0,1,627
10281,351,8,9,124,40,30.94,0.05,0,1,627
10282,367,9,9,124,40,33.38,0.05,0,1,627
10283,353,8,9,124,41,31.62,0.05,0,1,627
10284,358,9,9,129,42,34.07,0.05,0,1,627
10285,378,9,9,117,41,34.47,0.05,0,1,627
10286,373,9,9,116,44,25.27,0.05,0,1,627
10287,348,9,9,117,41,30.67,0.05,0,1,627
10288,352,9,9,125,43,32.73,0.05,0,1,627
10289,346,8,9,112,41,24.34,0.05,0,1,627
10290,369,8,9,128,40,33.51,0.05,0,1,627
10291,354,8,9,131,40,36.81,0.05,0,1,627
10292,400,0,0,0,0,-4.35,0.05,0,1,627
10293,27,0,0,11,4,-5.12,0.05,1,0,627
10294,400,5,5,122,41,29.05,0.05,0,1,627
10295,370,8,9,127,42,31.35,0.05,0,1,627
10296,359,8,9,112,41,28.26,0.05,0,1,627
10297,359,8,9,127,41,35.51,0.05,0,1,627
10298,340,9,9,120,38,32.1,0.05,0,1,627
10299,368,9,9,126,43,28.72,0.05,0,1,627
10300,400,9,9,116,38,34.25,0.05,0,1,627
10301,377,9,9,127,44,32.23,0.05,0,1,627
10302,376,9,9,117,43,28.49,0.05,0,1,627
10303,369,9,9,119,43,29.66,0.05,0,1,627
10304,332,8,9,108,39,28.93,0.05,0,1,627
10305,363,8,9,119,43,28.47,0.05,0,1,627
10306,27,0,0,12,4,-4.32,0.05,1,0,627
10307,400,9,9,123,46,30.3,0.05,0,1,627
10308,350,8,9,115,41,30.0,0.05,0,1,627
10309,367,8,9,120,43,28.93,0.05,0,1,627
10310,398,8,9,128,44,28.87,0.05,0,1,627
10311,353,8,9,120,39,35.12,0.05,0,1,627
10312,308,4,4,124,39,21.57,0.05,1,0,627
10313,361,8,9,130,40,36.44,0.05,0,1,627
10314,400,8,8,124,40,28.25,0.05,0,1,627
10315,400,9,9,119,41,33.1,0.05,0,1,627
10316,400,8,8,129,46,36.1,0.05,0,1,627
10317,397,9,9,131,45,31.83,0.05,0,1,627
10318,354,9,9,121,41,33.66,0.05,0,1,627
10319,340,8,9,114,37,34.25,0.05,0,1,627
10320,376,8,9,133,44,34.54,0.05,0,1,627
10321,360,9,9,130,43,32.45,0.05,0,1,627
10322,394,9,9,123,44,32.56,0.05,0,1,627
10323,393,9,9,125,45,34.92,0.05,0,1,627
10324,357,9,9,124,40,30.58,0.05,0,1,627
10325,400,6,6,121,45,27.65,0.05,0,1,627
10326,391,8,9,125,45,31.14,0.05,0,1,627
10327,361,9,9,128,40,31.64,0.05,0,1,627
10328,375,9,9,114,44,25.75,0.05,0,1,627
10329,359,8,9,111,40,27.41,0.05,0,1,627
10330,376,8,9,116,44,22.84,0.05,0,1,627
10331,366,8,9,124,41,29.14,0.05,0,1,627
10332,324,7,7,119,39,25.16,0.05,1,0,627
10333,343,8,9,127,40,29.77,0.05,0,1,627
10334,367,9,9,120,41,31.83,0.05,0,1,627
10335,367,9,9,127,43,28.68,0.05,0,1,627
10336,63,0,0,29,9,-0.63,0.05,1,0,627
10337,391,9,9,125,44,31.99,0.05,0,1,627
10338,400,8,8,114,40,29.5,0.05,0,1,627
10339,374,9,9,120,43,27.16,0.05,0,1,627
10340,400,1,1,14,4,-2.0,0.05,0,1,627
10341,400,9,9,131,49,24.75,0.05,0,1,627
10342,388,9,9,124,43,33.77,0.05,0,1,627
10343,365,8,9,122,41,27.55,0.05,0,1,627
10344,379,9,9,123,43,31.66,0.05,0,1,627
10345,367,8,9,126,44,30.98,0.05,0,1,627
10346,388,9,9,124,43,30.47,0.05,0,1,627
10347,345,9,9,120,42,30.65,0.05,0,1,627
10348,391,8,9,123,45,28.94,0.05,0,1,627
10349,381,8,9,131,44,31.64,0.05,0,1,627
10350,389,9,9,128,46,30.56,0.05,0,1,627
10351,397,8,9,131,42,38.08,0.05,0,1,627
10352,127,4,4,58,16,9.83,0.05,1,0,627
10353,374,9,9,125,45,23.21,0.05,0,1,627
10354,389,8,9,132,46,32.86,0.05,0,1,627
10355,368,9,9,128,43,33.12,0.05,0,1,627
10356,369,9,9,122,45,27.31,0.05,0,1,627
10357,366,8,9,123,43,32.24,0.05,0,1,627
10358,392,8,9,127,44,32.43,0.05,0,1,627
10359,369,9,9,119,40,34.06,0.05,0,1,627
10360,373,8,9,115,43,26.82,0.05,0,1,627
10361,359,8,9,114,43,27.86,0.05,0,1,627
10362,382,8,9,120,41,31.98,0.05,0,1,627
10363,363,8,9,129,41,35.92,0.05,0,1,627
10364,227,3,3,86,28,13.48,0.05,1,0,627
10365,333,8,9,126,40,33.32,0.05,0,1,627
10366,353,8,9,125,41,30.02,0.05,0,1,627
10367,369,9,9,128,43,28.21,0.05,0,1,627
10368,365,8,9,124,44,28.45,0.05,0,1,627
10369,342,9,9,124,39,31.48,0.05,0,1,627
10370,338,9,9,122,41,32.12,0.05,0,1,627
10371,400,0,0,42,15,1.2,0.05,0,1,627
10372,27,0,0,14,4,-3.82,0.05,1,0,627
10373,335,8,9,131,41,32.05,0.05,0,1,627
10374,386,8,9,124,43,31.34,0.05,0,1,627
10375,358,9,9,131,42,35.92,0.05,0,1,627
10376,364,8,9,123,42,27.76,0.05,0,1,627
10377,343,9,9,122,40,30.82,0.05,0,1,627
10378,359,9,9,115,40,31.41,0.05,0,1,627
10379,386,9,9,125,45,29.44,0.05,0,1,627
10380,400,5,5,121,37,24.45,0.05,0,1,627
10381,342,8,9,121,40,33.08,0.05,0,1,627
10382,332,8,9,122,39,30.58,0.05,0,1,627
10383,358,8,9,125,42,33.52,0.05,0,1,627
10384,400,9,9,129,47,32.45,0.05,0,1,627
10385,331,8,9,122,38,35.24,0.05,0,1,627
10386,361,8,9,119,41,30.29,0.05,0,1,627
10387,400,7,7,117,37,28.65,0.05,0,1,627
10388,352,8,9,125,39,34.93,0.05,0,1,627
10389,362,9,9,129,40,36.38,0.05,0,1,627
10390,373,8,9,128,41,35.22,0.05,0,1,627
10391,27,0,0,8,4,-5.07,0.05,1,0,627
10392,400,8,8,127,46,29.0,0.05,0,1,627
10393,45,0,0,18,6,-2.55,0.05,1,0,627
10394,381,9,9,126,44,29.99,0.05,0,1,627
10395,359,8,9,120,42,30.61,0.05,0,1,627
10396,400,8,8,131,46,32.1,0.05,0,1,627
10397,354,8,9,122,43,27.06,0.05,0,1,627
10398,371,8,9,116,43,29.34,0.05,0,1,627
10399,400,8,8,121,48,22.1,0.05,0,1,627
10400,400,0,0,39,13,-1.15,0.05,0,1,627
10401,329,9,9,124,39,33.06,0.05,0,1,627
10402,352,9,9,131,40,32.03,0.05,0,1,627
10403,354,9,9,128,42,34.61,0.05,0,1,627
10404,377,9,9,108,43,28.58,0.05,0,1,627
10405,368,9,9,130,41,34.42,0.05,0,1,627
10406,359,9,9,119,42,30.71,0.05,0,1,627
10407,372,8,9,123,42,30.38,0.05,0,1,627
10408,332,9,9,120,39,31.43,0.05,0,1,627
10409,362,8,9,127,43,34.58,0.05,0,1,627
10410,400,0,0,35,11,-0.2,0.05,0,1,627
10411,373,9,9,116,43,27.42,0.05,0,1,627
10412,339,9,9,121,40,30.71,0.05,0,1,627
10413,396,9,9,132,46,37.29,0.05,0,1,627
10414,347,9,9,126,41,31.48,0.05,0,1,627
10415,387,9,9,119,45,28.03,0.05,0,1,627
10416,400,6,6,100,33,22.15,0.05,0,1,627
10417,323,8,9,116,38,28.37,0.05,0,1,627
10418,390,8,9,127,44,31.05,0.05,0,1,627
10419,373,8,9,125,44,32.67,0.05,0,1,627
10420,400,2,2,45,12,7.7,0.05,0,1,627
10421,385,8,9,124,44,33.5,0.05,0,1,627
10422,362,8,9,126,43,33.68,0.05,0,1,627
10423,356,8,9,125,42,32.94,0.05,0,1,627
10424,373,9,9,130,44,32.42,0.05,0,1,627
10425,342,9,9,124,41,31.03,0.05,0,1,627
10426,346,9,9,121,40,33.09,0.05,0,1,627
10427,374,9,9,117,41,30.01,0.05,0,1,627
10428,344,8,9,116,37,33.66,0.05,0,1,627
10429,331,8,9,120,36,31.54,0.05,0,1,627
10430,397,9,9,130,45,35.73,0.05,0,1,627
10431,363,9,9,120,42,29.17,0.05,0,1,627
10432,20,1,1,9,3,-3.5,0.05,1,0,627
10433,400,7,7,111,34,29.2,0.05,0,1,627
10434,360,9,9,129,43,31.8,0.05,0,1,627
10435,400,2,2,57,18,7.7,0.05,0,1,627
10436,385,9,9,121,43,27.85,0.05,0,1,627
10437,400,5,5,76,21,17.05,0.05,0,1,627
10438,354,8,9,123,40,26.71,0.05,0,1,627
10439,337,8,9,122,39,34.28,0.05,0,1,627
10440,385,9,9,129,44,31.45,0.05,0,1,627
10441,384,9,9,128,45,31.36,0.05,0,1,627
10442,44,0,0,26,6,-0.34,0.05,1,0,627
10443,352,9,9,134,42,35.28,0.05,0,1,627
10444,343,8,9,128,41,34.67,0.05,0,1,627
10445,400,9,9,124,45,31.1,0.05,0,1,627
10446,346,8,9,113,40,28.79,0.05,0,1,627
10447,277,7,7,105,35,21.98,0.05,1,0,627
10448,375,8,9,114,43,30.0,0.05,0,1,627
10449,44,0,0,23,6,-0.69,0.05,1,0,627
10450,371,8,9,131,40,35.69,0.05,0,1,627
10451,391,9,9,115,43,27.74,0.05,0,1,627
10452,375,9,9,127,41,34.05,0.05,0,1,627
10453,366,8,9,116,39,26.79,0.05,0,1,627
10454,377,8,9,127,43,29.48,0.05,0,1,627
10455,390,8,9,116,45,24.35,0.05,0,1,627
10456,335,8,9,113,39,30.25,0.05,0,1,627
10457,400,9,9,131,46,32.5,0.05,0,1,627
10458,400,5,5,76,24,15.7,0.05,0,1,627
10459,351,8,9,123,41,30.64,0.05,0,1,627
10460,368,8,9,114,40,28.27,0.05,0,1,627
10461,339,9,9,119,39,30.61,0.05,0,1,627
10462,371,9,9,124,43,30.94,0.05,0,1,627
10463,400,3,3,75,27,12.8,0.05,0,1,627
10464,380,8,9,120,44,28.5,0.05,0,1,627
10465,379,8,9,127,45,30.51,0.05,0,1,627
10466,359,9,9,129,42,30.21,0.05,0,1,627
10467,400,6,6,125,40,32.75,0.05,0,1,627
10468,381,8,9,126,45,28.84,0.05,0,1,627
10469,354,9,9,117,38,29.01,0.05,0,1,627
10470,351,9,9,128,42,32.54,0.05,0,1,627
10471,400,0,0,19,6,-0.15,0.05,0,1,627
10472,372,9,9,123,42,35.68,0.05,0,1,627
10473,369,9,9,127,43,31.61,0.05,0,1,627
10474,384,9,9,122,43,29.26,0.05,0,1,627
10475,400,8,8,127,44,32.35,0.05,0,1,627
10476,383,8,9,124,46,31.27,0.05,0,1,627
10477,397,8,9,133,46,34.53,0.05,0,1,627
10478,400,7,7,106,34,24.7,0.05,0,1,627
10479,400,1,1,14,3,-0.5,0.05,0,1,627
10480,400,9,9,128,45,38.45,0.05,0,1,627
10481,330,8,9,126,37,33.55,0.05,0,1,627
10482,353,9,9,131,42,32.27,0.05,0,1,627
10483,390,8,9,126,46,32.5,0.05,0,1,627
10484,352,8,9,129,41,36.73,0.05,0,1,627
10485,330,8,9,127,40,34.15,0.05,0,1,627
10486,400,0,0,59,16,4.9,0.05,0,1,627
10487,360,9,9,122,42,31.6,0.05,0,1,627
10488,377,8,9,127,44,33.43,0.05,0,1,627
10489,248,5,5,115,32,20.07,0.05,1,0,627
10490,13,0,0,8,2,-4.38,0.05,1,0,627
10491,369,8,9,130,44,32.21,0.05,0,1,627
10492,361,9,9,128,42,32.59,0.05,0,1,627
10493,348,8,9,120,40,31.22,0.05,0,1,627
10494,362,8,9,115,41,31.73,0.05,0,1,627
10495,364,9,9,125,39,38.11,0.05,0,1,627
10496,400,9,9,127,48,25.85,0.05,0,1,627
10497,400,7,7,124,39,30.95,0.05,0,1,627
10498,387,8,9,138,46,30.18,0.05,0,1,627
10499,400,8,8,120,47,22.25,0.05,0,1,627
10500,400,8,8,131,45,30.85,0.05,0,1,627
10501,373,8,9,119,44,23.97,0.05,0,1,627
10502,351,9,9,120,39,33.84,0.05,0,1,627
10503,366,8,9,121,42,29.94,0.05,0,1,627
10504,400,9,9,128,46,33.4,0.05,0,1,627
10505,387,9,9,123,44,31.43,0.05,0,1,627
10506,346,8,9,125,41,32.79,0.05,0,1,627
10507,356,9,9,126,41,31.44,0.05,0,1,627
10508,338,8,9,118,38,35.27,0.05,0,1,627
10509,400,0,0,39,11,1.15,0.05,0,1,627
10510,397,9,9,127,46,24.18,0.05,0,1,627
10511,329,9,9,125,36,37.51,0.05,0,1,627
10512,400,8,8,115,44,23.8,0.05,0,1,627
10513,400,1,1,43,12,4.9,0.05,0,1,627
10514,327,9,9,124,40,34.73,0.05,0,1,627
10515,337,9,9,123,40,32.43,0.05,0,1,627
10516,13,0,0,6,2,-5.38,0.05,1,0,627
10517,42,0,0,16,6,-2.82,0.05,1,0,627
10518,321,8,9,110,38,27.44,0.05,0,1,627
10519,366,8,9,125,40,33.54,0.05,0,1,627
10520,382,8,9,127,46,29.13,0.05,0,1,627
10521,397,9,9,130,45,29.53,0.05,0,1,627
10522,347,9,9,113,41,24.23,0.05,0,1,627
10523,400,2,2,42,10,7.35,0.05,0,1,627
10524,362,8,9,117,41,27.03,0.05,0,1,627
10525,372,9,9,116,42,28.78,0.05,0,1,627
10526,400,4,4,59,18,11.05,0.05,0,1,627
10527,395,9,9,123,46,27.6,0.05,0,1,627
10528,377,8,9,130,44,32.63,0.05,0,1,627
10529,400,8,8,130,47,30.5,0.05,0,1,627
10530,378,9,9,127,42,36.32,0.05,0,1,627
10531,13,0,0,7,2,-4.33,0.05,1,0,627
10532,13,0,0,7,2,-4.58,0.05,1,0,627
10533,356,8,9,125,39,34.84,0.05,0,1,627
10534,333,8,9,110,41,27.22,0.05,0,1,627
10535,380,8,9,122,43,29.95,0.05,0,1,627
10536,400,2,2,54,18,8.3,0.05,0,1,627
10537,336,8,9,124,37,36.89,0.05,0,1,627
10538,60,0,0,31,8,0.25,0.05,1,0,627
10539,363,9,9,121,44,31.57,0.05,0,1,627
10540,365,9,9,126,42,32.75,0.05,0,1,627
10541,354,9,9,121,43,30.31,0.05,0,1,627
10542,343,8,9,121,41,30.27,0.05,0,1,627
10543,377,9,9,132,42,32.23,0.05,0,1,627
10544,358,9,9,129,42,33.57,0.05,0,1,627
10545,396,8,9,120,44,31.49,0.05,0,1,627
10546,331,9,9,118,36,36.29,0.05,0,1,627
10547,371,8,9,128,43,30.89,0.05,0,1,627
10548,400,8,8,126,42,33.75,0.05,0,1,627
10549,342,9,9,128,42,31.28,0.05,0,1,627
10550,366,9,9,123,43,31.54,0.05,0,1,627
10551,363,8,9,119,42,28.07,0.05,0,1,627
10552,400,6,6,110,31,22.35,0.05,0,1,627
10553,356,8,9,129,42,30.89,0.05,0,1,627
10554,400,8,9,124,44,33.6,0.05,0,1,627
10555,373,9,9,127,42,36.12,0.05,0,1,627
10556,354,8,9,127,44,29.41,0.05,0,1,627
10557,361,9,9,120,41,34.99,0.05,0,1,627
10558,386,9,9,127,46,28.24,0.05,0,1,627
10559,340,8,9,120,40,30.55,0.05,0,1,627
10560,380,8,9,127,44,27.3,0.05,0,1,627
10561,400,8,8,120,39,27.9,0.05,0,1,627
10562,351,9,9,134,40,35.59,0.05,0,1,627
10563,374,8,9,123,42,33.41,0.05,0,1,627
10564,353,9,9,116,44,25.07,0.05,0,1,627
10565,396,9,9,121,46,24.24,0.05,0,1,627
10566,347,9,9,122,38,35.38,0.05,0,1,627
10567,339,9,9,128,40,33.11,0.05,0,1,627
10568,359,8,9,123,41,30.21,0.05,0,1,627
10569,342,8,9,125,41,32.48,0.05,0,1,627
10570,373,8,9,112,42,27.22,0.05,0,1,627
10571,367,8,9,127,43,29.83,0.05,0,1,627
10572,340,8,9,124,41,25.85,0.05,0,1,627
10573,338,9,9,121,38,34.07,0.05,0,1,627
10574,400,4,4,91,27,20.05,0.05,0,1,627
10575,397,9,9,126,46,27.93,0.05,0,1,627
10576,340,8,9,127,41,28.1,0.05,0,1,627
10577,374,9,9,138,42,35.96,0.05,0,1,627
10578,400,1,1,43,13,8.2,0.05,0,1,627
10579,215,4,4,90,29,12.2,0.05,1,0,627
10580,400,8,8,120,47,27.7,0.05,0,1,627
10581,400,3,3,60,18,10.85,0.05,0,1,627
10582,377,9,9,125,44,33.33,0.05,0,1,627
10583,20,0,0,11,3,-4.4,0.05,1,0,627
10584,379,9,9,124,44,31.31,0.05,0,1,627
10585,370,9,9,114,42,33.55,0.05,0,1,627
10586,369,8,9,122,42,29.31,0.05,0,1,627
10587,361,8,9,124,43,30.89,0.05,0,1,627
10588,333,9,9,114,39,25.02,0.05,0,1,627
10589,381,8,9,119,41,33.24,0.05,0,1,627
10590,377,9,9,134,43,31.63,0.05,0,1,627
10591,365,9,9,121,41,32.35,0.05,0,1,627
10592,347,8,9,120,40,31.28,0.05,0,1,627
10593,360,8,9,124,40,33.15,0.05,0,1,627
10594,362,8,9,124,42,31.43,0.05,0,1,627
10595,381,9,9,126,45,29.29,0.05,0,1,627
10596,327,8,9,123,40,28.88,0.05,0,1,627
10597,346,9,9,122,40,31.34,0.05,0,1,627
10598,400,9,9,123,38,29.85,0.05,0,1,627
10599,359,8,9,118,42,30.76,0.05,0,1,627
10600,400,7,7,124,39,32.1,0.05,0,1,627
10601,371,9,9,119,40,34.69,0.05,0,1,627
10602,375,9,9,130,42,35.0,0.05,0,1,627
10603,362,8,9,127,43,30.88,0.05,0,1,627
10604,338,8,9,124,38,36.82,0.05,0,1,627
10605,393,9,9,131,44,35.22,0.05,0,1,627
10606,362,9,9,120,42,30.33,0.05,0,1,627
10607,361,9,9,120,42,27.64,0.05,0,1,627
10608,372,8,9,125,44,31.03,0.05,0,1,627
10609,398,9,9,123,46,32.02,0.05,0,1,627
10610,389,9,9,118,46,28.16,0.05,0,1,627
10611,379,9,9,119,42,29.76,0.05,0,1,627
10612,50,0,0,19,7,-3.1,0.05,1,0,627
10613,384,9,9,128,45,30.36,0.05,0,1,627
10614,326,8,9,110,37,32.89,0.05,0,1,627
10615,400,1,1,40,13,2.6,0.05,0,1,627
10616,371,8,9,131,43,31.79,0.05,0,1,627
10617,400,6,6,99,32,24.45,0.05,0,1,627
10618,367,9,9,114,43,29.23,0.05,0,1,627
10619,400,8,8,123,47,24.1,0.05,0,1,627
10620,377,8,9,124,40,37.28,0.05,0,1,627
10621,364,9,9,117,41,29.86,0.05,0,1,627
10622,389,9,9,125,45,29.01,0.05,0,1,627
10623,358,9,9,112,40,26.72,0.05,0,1,627
10624,400,4,4,64,19,10.15,0.05,0,1,627
10625,323,8,9,123,37,34.37,0.05,0,1,627
10626,396,9,9,127,49,22.79,0.05,0,1,627
10627,392,8,9,127,45,28.33,0.05,0,1,627
10628,392,9,9,121,46,28.18,0.05,0,1,627
10629,400,0,0,41,10,4.95,0.05,0,1,627
10630,400,2,2,60,18,11.45,0.05,0,1,627
10631,354,9,9,126,41,35.81,0.05,0,1,627
10632,400,5,5,90,35,17.4,0.05,0,1,627
10633,376,8,9,134,43,32.34,0.05,0,1,627
10634,400,1,1,37,11,2.1,0.05,0,1,627
10635,361,9,9,121,39,29.34,0.05,0,1,627
10636,400,8,8,127,47,29.75,0.05,0,1,627
10637,400,9,9,116,44,29.85,0.05,0,1,627
10638,371,9,9,134,42,34.04,0.05,0,1,627
10639,400,9,9,124,44,33.9,0.05,0,1,627
10640,365,8,9,126,43,32.05,0.05,0,1,627
10641,356,8,9,122,40,31.14,0.05,0,1,627
10642,400,8,8,124,45,31.9,0.05,0,1,627
10643,372,8,9,129,42,33.38,0.05,0,1,627
10644,390,9,9,131,45,29.75,0.05,0,1,627
10645,400,8,8,123,36,30.0,0.05,0,1,627
10646,400,3,3,49,14,8.75,0.05,0,1,627
10647,371,9,9,125,42,32.19,0.05,0,1,627
10648,400,9,9,119,39,34.75,0.05,0,1,627
10649,334,9,9,122,38,33.51,0.05,0,1,627
10650,376,9,9,120,44,31.14,0.05,0,1,627
10651,354,9,9,124,41,28.51,0.05,0,1,627
10652,352,8,9,130,42,34.48,0.05,0,1,627
10653,400,5,5,61,20,13.25,0.05,0,1,627
10654,378,8,9,125,43,33.72,0.05,0,1,627
10655,340,9,9,113,39,28.3,0.05,0,1,627
10656,354,9,9,120,40,30.26,0.05,0,1,627
10657,107,1,1,57,15,4.23,0.05,1,0,627
10658,400,3,3,65,18,13.45,0.05,0,1,627
10659,352,8,9,126,42,32.38,0.05,0,1,627
10660,333,8,9,124,38,33.67,0.05,0,1,627
10661,352,9,9,124,41,36.43,0.05,0,1,627
10662,400,8,8,120,45,27.85,0.05,0,1,627
10663,362,9,9,125,43,34.73,0.05,0,1,627
10664,399,9,9,128,45,31.21,0.05,0,1,627
10665,385,8,9,120,42,32.8,0.05,0,1,627
10666,363,8,9,116,43,27.62,0.05,0,1,627
10667,400,4,4,115,39,25.45,0.05,0,1,627
10668,371,8,9,134,42,35.49,0.05,0,1,627
10669,27,0,0,7,4,-5.82,0.05,1,0,627
10670,332,9,9,117,38,32.53,0.05,0,1,627
10671,400,4,4,86,24,14.95,0.05,0,1,627
10672,360,9,9,126,44,29.1,0.05,0,1,627
10673,341,9,9,119,40,32.64,0.05,0,1,627
10674,384,9,9,133,42,35.36,0.05,0,1,627
10675,379,8,9,127,43,32.86,0.05,0,1,627
10676,400,8,8,120,38,33.25,0.05,0,1,627
10677,352,9,9,121,42,30.58,0.05,0,1,627
10678,319,9,9,125,38,35.61,0.05,0,1,627
10679,367,9,9,125,42,32.98,0.05,0,1,627
10680,400,2,2,53,17,6.8,0.05,0,1,627
10681,377,8,9,123,43,27.88,0.05,0,1,627
10682,400,1,1,38,12,-0.1,0.05,0,1,627
10683,372,9,9,126,44,33.13,0.05,0,1,627
10684,355,8,9,122,42,27.95,0.05,0,1,627
10685,355,9,9,130,42,34.05,0.05,0,1,627
10686,400,9,9,115,46,27.2,0.05,0,1,627
10687,399,8,9,128,45,28.96,0.05,0,1,627
10688,226,6,6,87,28,13.64,0.05,1,0,627
10689,332,9,9,114,40,27.13,0.05,0,1,627
10690,337,9,9,121,39,28.53,0.05,0,1,627
10691,382,8,9,122,43,36.08,0.05,0,1,627
10692,351,9,9,131,40,35.84,0.05,0,1,627
10693,325,8,9,121,36,31.65,0.05,0,1,627
10694,400,8,8,130,47,32.55,0.05,0,1,627
10695,321,9,9,112,40,22.29,0.05,1,0,627
10696,388,8,9,138,43,36.67,0.05,0,1,627
10697,334,9,9,128,41,33.36,0.05,0,1,627
10698,347,9,9,122,41,30.58,0.05,0,1,627
10699,326,9,9,121,36,34.94,0.05,0,1,627
10700,400,7,7,108,33,22.6,0.05,0,1,627
10701,361,8,9,130,43,31.29,0.05,0,1,627
10702,353,9,9,121,40,30.72,0.05,0,1,627
10703,350,8,9,118,36,36.2,0.05,0,1,627
10704,349,8,9,116,40,24.91,0.05,0,1,627
10705,328,8,9,112,39,28.47,0.05,0,1,627
10706,352,9,9,117,41,30.38,0.05,0,1,627
10707,343,9,9,113,40,26.87,0.05,0,1,627
10708,374,9,9,127,43,28.76,0.05,0,1,627
10709,371,8,9,132,44,34.39,0.05,0,1,627
10710,354,9,9,119,41,30.41,0.05,0,1,627
10711,362,9,9,118,42,29.98,0.05,0,1,627
10712,375,8,9,127,44,29.1,0.05,0,1,627
10713,383,9,9,119,43,32.87,0.05,0,1,627
10714,347,8,9,123,40,30.23,0.05,0,1,627
10715,400,3,3,65,22,8.7,0.05,0,1,627
10716,321,8,9,122,37,31.84,0.05,0,1,627
10717,373,8,9,131,43,33.27,0.05,0,1,627
10718,354,8,9,119,40,31.76,0.05,0,1,627
10719,387,9,9,122,45,30.48,0.05,0,1,627
10720,377,8,9,123,42,31.73,0.05,0,1,627
10721,345,9,9,119,40,28.4,0.05,0,1,627
10722,42,0,0,19,6,-2.62,0.05,1,0,627
10723,342,9,9,122,39,31.73,0.05,0,1,627
10724,365,8,9,119,40,32.1,0.05,0,1,627
10725,362,9,9,126,40,33.68,0.05,0,1,627
10726,397,9,9,127,45,30.88,0.05,0,1,627
10727,354,8,9,128,40,35.66,0.05,0,1,627
10728,387,8,9,121,45,24.08,0.05,0,1,627
10729,324,9,9,102,37,26.66,0.05,0,1,627
10730,356,9,9,122,43,32.19,0.05,0,1,627
10731,400,1,1,38,12,2.5,0.05,0,1,627
10732,386,8,9,116,43,23.69,0.05,0,1,627
10733,368,9,9,119,42,29.37,0.05,0,1,627
10734,324,8,9,126,37,33.46,0.05,0,1,627
10735,375,8,9,116,43,28.75,0.05,0,1,627
10736,400,9,9,121,46,28.7,0.05,0,1,627
10737,355,9,9,133,43,31.6,0.05,0,1,627
10738,400,6,6,123,39,27.85,0.05,0,1,627
10739,377,8,9,123,44,31.83,0.05,0,1,627
10740,400,6,6,109,36,23.7,0.05,0,1,627
10741,366,8,9,137,43,32.49,0.05,0,1,627
10742,364,8,9,126,42,32.31,0.05,0,1,627
10743,368,8,9,114,42,29.47,0.05,0,1,627
10744,385,9,9,121,44,30.6,0.05,0,1,627
10745,366,9,9,134,43,37.94,0.05,0,1,627
10746,381,9,9,117,42,26.59,0.05,0,1,627
10747,392,9,9,130,43,34.78,0.05,0,1,627
10748,347,9,9,116,42,28.18,0.05,0,1,627
10749,384,8,9,131,44,37.11,0.05,0,1,627
10750,327,8,9,111,38,27.93,0.05,0,1,627
10751,391,9,9,133,45,33.89,0.05,0,1,627
10752,343,8,9,121,38,34.12,0.05,0,1,627
10753,350,8,9,127,40,31.75,0.05,0,1,627
10754,344,8,9,121,39,30.61,0.05,0,1,627
10755,385,8,9,132,45,33.25,0.05,0,1,627
10756,305,9,9,108,36,26.55,0.05,0,1,627
10757,344,9,9,119,41,30.81,0.05,0,1,627
10758,400,6,6,100,32,22.1,0.05,0,1,627
10759,376,8,9,126,46,27.69,0.05,0,1,627
10760,384,9,9,126,45,30.61,0.05,0,1,627
10761,391,9,9,122,42,32.49,0.05,0,1,627
10762,357,9,9,128,43,29.53,0.05,0,1,627
10763,379,8,9,116,44,28.66,0.05,0,1,627
10764,357,9,9,119,42,30.43,0.05,0,1,627
10765,393,9,9,126,44,28.77,0.05,0,1,627
10766,400,7,7,95,28,21.75,0.05,0,1,627
10767,372,8,9,126,43,28.68,0.05,0,1,627
10768,400,6,6,107,38,25.45,0.05,0,1,627
10769,371,8,9,125,41,33.74,0.05,0,1,627
10770,315,9,9,118,38,31.25,0.05,0,1,627
10771,392,8,9,125,44,32.28,0.05,0,1,627
10772,400,8,8,131,45,32.3,0.05,0,1,627
10773,57,1,1,30,8,-0.32,0.05,1,0,627
10774,356,8,9,126,40,35.14,0.05,0,1,627
10775,377,9,9,118,42,32.13,0.05,0,1,627
10776,379,8,9,122,43,31.06,0.05,0,1,627
10777,400,8,8,128,47,31.4,0.05,0,1,627
10778,357,9,9,117,40,28.28,0.05,0,1,627
10779,365,9,9,124,43,31.6,0.05,0,1,627
10780,381,9,9,114,42,30.69,0.05,0,1,627
10781,346,9,9,127,38,33.99,0.05,0,1,627
10782,43,1,1,24,6,0.22,0.05,1,0,627
10783,348,9,9,116,40,27.72,0.05,0,1,627
10784,342,8,9,125,41,33.03,0.05,0,1,627
10785,351,8,9,115,41,29.74,0.05,0,1,627
10786,351,9,9,121,41,29.74,0.05,0,1,627
10787,400,0,0,58,19,3.35,0.05,0,1,627
10788,400,7,7,91,30,20.0,0.05,0,1,627
10789,400,8,8,115,40,28.05,0.05,0,1,627
10790,350,9,9,126,41,32.85,0.05,0,1,627
10791,346,9,9,124,41,30.14,0.05,0,1,627
10792,352,9,9,124,42,32.03,0.05,0,1,627
10793,375,8,9,119,44,29.95,0.05,0,1,627
10794,371,8,9,128,43,31.64,0.05,0,1,627
10795,381,8,9,124,44,31.39,0.05,0,1,627
10796,370,8,9,117,41,30.05,0.05,0,1,627
10797,324,8,9,116,38,34.71,0.05,0,1,627
10798,373,8,9,129,44,29.97,0.05,0,1,627
10799,361,8,9,119,41,33.14,0.05,0,1,627
10800,370,9,9,121,43,31.0,0.05,0,1,627
10801,374,8,9,133,45,32.41,0.05,0,1,627
10802,328,9,9,116,38,31.77,0.05,0,1,627
10803,400,9,9,134,47,34.05,0.05,0,1,627
10804,385,9,9,128,44,35.1,0.05,0,1,627
10805,389,9,9,123,44,30.96,0.05,0,1,627
10806,367,9,9,126,42,30.83,0.05,0,1,627
10807,367,8,9,124,42,29.63,0.05,0,1,627
10808,341,9,9,124,38,35.09,0.05,0,1,627
10809,345,8,9,122,39,31.6,0.05,0,1,627
10810,339,9,9,127,40,32.31,0.05,0,1,627
10811,329,8,9,114,39,30.06,0.05,0,1,627
10812,348,9,9,117,42,25.97,0.05,0,1,627
10813,351,8,9,129,42,30.49,0.05,0,1,627
10814,400,9,9,121,44,30.9,0.05,0,1,627
10815,309,9,9,119,37,33.86,0.05,0,1,627
10816,400,2,2,63,21,6.85,0.05,0,1,627
10817,400,4,4,51,16,8.55,0.05,0,1,627
10818,363,9,9,127,42,33.57,0.05,0,1,627
10819,368,9,9,130,42,31.27,0.05,0,1,627
10820,400,1,1,39,11,0.95,0.05,0,1,627
10821,351,9,9,128,41,32.79,0.05,0,1,627
10822,326,9,9,124,38,32.89,0.05,0,1,627
10823,400,8,9,127,46,31.45,0.05,0,1,627
10824,374,8,9,120,43,28.06,0.05,0,1,627
10825,352,8,9,124,40,33.73,0.05,0,1,627
10826,329,8,9,121,38,30.71,0.05,0,1,627
10827,348,8,9,127,41,31.22,0.05,0,1,627
10828,400,2,2,62,20,7.5,0.05,0,1,627
10829,354,9,9,128,40,34.86,0.05,0,1,627
10830,357,8,9,120,43,25.88,0.05,0,1,627
10831,400,7,7,114,37,25.95,0.05,0,1,627
10832,372,8,9,138,44,33.43,0.05,0,1,627
10833,368,8,9,127,42,33.37,0.05,0,1,627
10834,345,8,9,108,38,28.85,0.05,0,1,627
10835,42,2,2,18,6,-1.17,0.05,1,0,627
10836,327,8,9,126,38,37.88,0.05,0,1,627
10837,400,8,8,124,40,31.3,0.05,0,1,627
10838,346,9,9,125,40,34.84,0.05,0,1,627
10839,352,9,9,121,42,27.78,0.05,0,1,627
10840,382,8,9,127,44,27.73,0.05,0,1,627
10841,400,4,4,73,22,13.4,0.05,0,1,627
10842,391,8,9,121,42,32.74,0.05,0,1,627
10843,348,9,9,121,41,30.22,0.05,0,1,627
10844,349,8,9,121,40,31.86,0.05,0,1,627
10845,400,2,2,38,12,2.95,0.05,0,1,627
10846,342,8,9,123,40,33.78,0.05,0,1,627
10847,346,8,9,120,41,29.14,0.05,0,1,627
10848,400,0,0,18,5,-0.6,0.05,0,1,627
10849,359,8,9,122,42,30.21,0.05,0,1,627
10850,400,3,3,56,16,10.85,0.05,0,1,627
10851,359,9,9,126,43,31.81,0.05,0,1,627
10852,350,8,9,118,39,33.2,0.05,0,1,627
10853,393,8,9,121,45,31.17,0.05,0,1,627
10854,400,0,0,30,10,-1.8,0.05,0,1,627
10855,375,8,9,123,42,34.8,0.05,0,1,627
10856,400,8,8,119,47,24.85,0.05,0,1,627
10857,333,8,9,125,41,29.07,0.05,0,1,627
10858,372,9,9,124,40,33.38,0.05,0,1,627
10859,400,3,3,122,39,25.25,0.05,0,1,627
10860,344,8,9,119,40,30.61,0.05,0,1,627
10861,400,9,9,133,45,36.75,0.05,0,1,627
10862,400,2,2,55,16,8.25,0.05,0,1,627
10863,374,9,9,123,42,31.71,0.05,0,1,627
10864,50,1,1,19,7,-2.55,0.05,1,0,627
10865,368,8,9,125,44,30.37,0.05,0,1,627
10866,365,9,9,127,42,33.15,0.05,0,1,627
10867,352,8,9,118,40,31.28,0.05,0,1,627
10868,400,8,8,118,48,26.05,0.05,0,1,627
10869,400,3,3,98,33,14.25,0.05,0,1,627
10870,357,9,9,127,43,32.43,0.05,0,1,627
10871,284,7,7,109,34,21.91,0.05,1,0,627
10872,50,0,0,21,7,-2.8,0.05,1,0,627
10873,357,9,9,124,41,31.63,0.05,0,1,627
10874,348,8,9,124,41,31.17,0.05,0,1,627
10875,340,9,9,119,39,32.2,0.05,0,1,627
10876,360,9,9,117,42,24.5,0.05,0,1,627
10877,400,1,1,38,12,2.05,0.05,0,1,627
10878,376,8,9,124,42,33.34,0.05,0,1,627
10879,400,8,8,129,44,34.55,0.05,0,1,627
10880,400,8,8,127,45,29.25,0.05,0,1,627
10881,400,4,4,104,33,22.55,0.05,0,1,627
10882,334,9,9,122,38,31.06,0.05,0,1,627
10883,349,8,9,119,41,29.61,0.05,0,1,627
10884,388,9,9,123,46,25.12,0.05,0,1,627
10885,392,8,9,122,46,29.98,0.05,0,1,627
10886,338,9,9,122,40,32.92,0.05,0,1,627
10887,400,9,9,126,44,34.3,0.05,0,1,627
10888,361,8,9,122,39,35.09,0.05,0,1,627
10889,364,8,9,122,42,30.76,0.05,0,1,627
10890,377,9,9,123,45,26.98,0.05,0,1,627
10891,400,0,0,36,11,-0.3,0.05,0,1,627
10892,381,9,9,124,44,33.74,0.05,0,1,627
10893,358,9,9,124,42,33.67,0.05,0,1,627
10894,377,8,9,120,45,27.13,0.05,0,1,627
10895,353,8,9,127,42,33.47,0.05,0,1,627
10896,367,9,9,121,43,29.93,0.05,0,1,627
10897,400,9,9,121,45,33.65,0.05,0,1,627
10898,346,8,9,126,39,33.44,0.05,0,1,627
10899,371,9,9,121,40,29.39,0.05,0,1,627
10900,357,8,9,143,40,40.08,0.05,0,1,627
10901,348,8,9,122,39,33.62,0.05,0,1,627
10902,367,8,9,124,43,31.48,0.05,0,1,627
10903,28,0,0,10,4,-6.03,0.05,1,0,627
10904,336,9,9,123,40,30.74,0.05,0,1,627
10905,351,8,9,122,42,25.94,0.05,0,1,627
10906,400,7,7,126,41,30.4,0.05,0,1,627
10907,349,9,9,117,38,34.76,0.05,0,1,627
10908,360,8,9,118,40,33.15,0.05,0,1,627
10909,352,9,9,126,39,33.03,0.05,0,1,627
10910,400,0,0,0,0,-4.6,0.05,0,1,627
10911,364,8,9,126,42,31.01,0.05,0,1,627
10912,345,8,9,115,39,27.2,0.05,0,1,627
10913,394,8,9,115,42,25.41,0.05,0,1,627
10914,388,9,9,126,43,34.22,0.05,0,1,627
10915,13,0,0,7,2,-4.58,0.05,1,0,627
10916,13,0,0,6,2,-4.78,0.05,1,0,627
10917,345,9,9,117,43,28.15,0.05,0,1,627
10918,383,9,9,123,44,30.62,0.05,0,1,627
10919,400,8,8,132,46,30.5,0.05,0,1,627
10920,371,9,9,120,43,31.54,0.05,0,1,627
10921,392,9,9,122,45,32.93,0.05,0,1,627
10922,400,1,1,13,4,-1.65,0.05,0,1,627
10923,337,8,9,116,38,31.38,0.05,0,1,627
10924,354,8,9,127,44,29.76,0.05,0,1,627
10925,371,9,9,123,44,32.49,0.05,0,1,627
10926,347,8,9,121,40,31.08,0.05,0,1,627
10927,352,8,9,117,41,26.58,0.05,0,1,627
10928,378,9,9,115,44,29.97,0.05,0,1,627
10929,374,8,9,121,45,29.01,0.05,0,1,627
10930,362,8,9,124,43,33.38,0.05,0,1,627
10931,358,9,9,124,42,25.52,0.05,0,1,627
10932,364,8,9,125,42,33.51,0.05,0,1,627
10933,339,9,9,125,40,34.31,0.05,0,1,627
10934,390,9,9,119,45,30.8,0.05,0,1,627
10935,356,9,9,117,42,29.44,0.05,0,1,627
10936,343,9,9,117,38,31.82,0.05,0,1,627
10937,365,9,9,128,43,29.35,0.05,0,1,627
10938,358,9,9,124,39,30.87,0.05,0,1,627
10939,347,9,9,116,41,28.48,0.05,0,1,627
10940,400,2,2,33,12,-1.0,0.05,0,1,627
10941,370,8,9,121,41,32.85,0.05,0,1,627
10942,363,9,9,121,42,32.17,0.05,0,1,627
10943,400,8,8,123,41,29.9,0.05,0,1,627
10944,27,0,0,10,4,-4.97,0.05,1,0,627
10945,378,9,9,123,45,27.22,0.05,0,1,627
10946,27,0,0,10,4,-4.92,0.05,1,0,627
10947,20,0,0,8,3,-4.9,0.05,1,0,627
10948,365,9,9,123,43,27.9,0.05,0,1,627
10949,381,9,9,122,45,30.84,0.05,0,1,627
10950,370,9,9,119,40,27.9,0.05,0,1,627
10951,336,8,9,108,40,24.19,0.05,0,1,627
10952,158,2,2,74,21,9.42,0.05,1,0,627
10953,115,1,1,53,15,4.95,0.05,1,0,627
10954,381,9,9,115,42,34.44,0.05,0,1,627
10955,382,8,9,126,43,29.58,0.05,0,1,627
10956,400,8,8,133,46,33.05,0.05,0,1,627
10957,400,9,9,128,46,33.05,0.05,0,1,627
10958,400,5,5,109,33,23.2,0.05,0,1,627
10959,371,8,9,128,43,32.69,0.05,0,1,627
10960,236,6,6,84,29,11.89,0.05,1,0,627
10961,381,9,9,129,43,30.69,0.05,0,1,627
10962,392,9,9,126,42,37.58,0.05,0,1,627
10963,383,9,9,128,45,34.12,0.05,0,1,627
10964,379,9,9,118,44,32.86,0.05,0,1,627
10965,400,4,4,56,17,12.25,0.05,0,1,627
10966,363,9,9,124,43,30.22,0.05,0,1,627
10967,372,9,9,123,42,27.33,0.05,0,1,627
10968,396,9,9,127,45,32.74,0.05,0,1,627
10969,344,9,9,135,41,35.21,0.05,0,1,627
10970,370,9,9,115,41,30.05,0.05,0,1,627
10971,346,9,9,117,38,29.69,0.05,0,1,627
10972,27,0,0,12,4,-3.32,0.05,1,0,627
10973,365,9,9,126,42,29.5,0.05,0,1,627
10974,328,8,9,119,37,31.42,0.05,0,1,627
10975,332,9,9,121,40,29.43,0.05,0,1,627
10976,373,8,9,127,43,32.37,0.05,0,1,627
10977,400,8,8,124,36,30.5,0.05,0,1,627
10978,400,4,4,59,21,10.05,0.05,0,1,627
10979,400,5,5,99,29,24.05,0.05,0,1,627
10980,390,9,9,123,45,32.2,0.05,0,1,627
10981,381,8,9,123,42,30.09,0.05,0,1,627
10982,240,5,5,96,31,16.7,0.05,1,0,627
10983,376,8,9,122,44,27.49,0.05,0,1,627
10984,350,9,9,123,41,26.95,0.05,0,1,627
10985,390,8,9,130,47,30.15,0.05,0,1,627
10986,371,9,9,123,41,35.34,0.05,0,1,627
10987,13,0,0,8,2,-4.28,0.05,1,0,627
10988,348,8,9,116,41,25.72,0.05,0,1,627
10989,375,9,9,124,42,32.9,0.05,0,1,627
10990,361,9,9,128,42,30.84,0.05,0,1,627
10991,337,8,9,120,40,32.48,0.05,0,1,627
10992,322,8,9,121,37,32.58,0.05,0,1,627
10993,360,9,9,122,40,33.1,0.05,0,1,627
10994,344,9,9,124,40,33.01,0.05,0,1,627
10995,340,8,9,127,40,34.1,0.05,0,1,627
10996,372,9,9,133,42,33.88,0.05,0,1,627
10997,400,4,4,86,25,18.0,0.05,0,1,627
10998,237,5,5,105,29,21.68,0.05,1,0,627
10999,340,9,9,122,41,31.0,0.05,0,1,627
11000,358,9,9,126,39,37.27,0.05,0,1,627
11001,372,8,9,124,44,30.38,0.05,0,1,627
11002,388,8,9,113,43,26.97,0.05,0,1,627
11003,370,8,9,122,42,29.25,0.05,0,1,627
11004,400,8,8,109,47,24.35,0.05,0,1,627
11005,388,9,9,136,45,33.37,0.05,0,1,627
11006,385,9,9,117,43,30.75,0.05,0,1,627
11007,370,9,9,123,44,31.65,0.05,0,1,627
11008,348,8,9,127,38,34.82,0.05,0,1,627
11009,331,9,9,120,40,27.59,0.05,0,1,627
11010,367,9,9,129,43,33.78,0.05,0,1,627
11011,400,2,2,41,13,1.8,0.05,0,1,627
11012,382,8,9,126,44,30.48,0.05,0,1,627
11013,360,9,9,130,41,34.1,0.05,0,1,627
11014,343,9,9,127,40,30.57,0.05,0,1,627
11015,337,8,9,131,40,36.83,0.05,0,1,627
11016,343,9,9,126,40,30.87,0.05,0,1,627
11017,350,8,9,124,42,31.75,0.05,0,1,627
11018,400,0,0,25,10,-4.5,0.05,0,1,627
11019,350,8,9,124,41,32.2,0.05,0,1,627
11020,400,7,7,120,40,27.35,0.05,0,1,627
11021,355,9,9,123,42,29.05,0.05,0,1,627
11022,369,9,9,124,42,33.41,0.05,0,1,627
11023,374,9,9,125,42,32.01,0.05,0,1,627
11024,400,8,8,121,40,31.4,0.05,0,1,627
11025,397,8,9,126,47,28.78,0.05,0,1,627
11026,378,9,9,126,44,32.92,0.05,0,1,627
11027,399,9,9,126,45,31.61,0.05,0,1,627
11028,350,8,9,115,41,28.5,0.05,0,1,627
11029,348,8,9,125,42,28.62,0.05,0,1,627
11030,363,8,9,118,43,27.27,0.05,0,1,627
11031,370,9,9,118,42,30.1,0.05,0,1,627
11032,388,8,9,124,45,31.52,0.05,0,1,627
11033,365,8,9,124,43,30.55,0.05,0,1,627
11034,400,4,4,93,29,18.25,0.05,0,1,627
11035,348,9,9,128,40,37.07,0.05,0,1,627
11036,392,9,9,128,44,34.43,0.05,0,1,627
11037,400,9,9,115,39,23.95,0.05,0,1,627
11038,347,9,9,118,37,31.93,0.05,0,1,627
11039,352,9,9,123,40,33.08,0.05,0,1,627
11040,349,9,9,127,42,30.76,0.05,0,1,627
11041,322,8,9,127,37,34.08,0.05,0,1,627
11042,20,0,0,9,3,-4.15,0.05,1,0,627
11043,320,9,9,123,39,31.9,0.05,0,1,627
11044,349,9,9,133,42,35.36,0.05,0,1,627
11045,366,9,9,123,41,32.04,0.05,0,1,627
11046,358,8,9,123,43,27.47,0.05,0,1,627
11047,302,5,5,121,38,22.23,0.05,1,0,627
11048,386,9,9,122,45,25.74,0.05,0,1,627
11049,392,8,9,128,46,28.28,0.05,0,1,627
11050,400,1,1,31,11,0.85,0.05,0,1,627
11051,348,9,9,124,41,32.72,0.05,0,1,627
11052,359,8,9,125,43,29.31,0.05,0,1,627
11053,363,9,9,120,41,33.87,0.05,0,1,627
11054,370,8,9,123,44,30.15,0.05,0,1,627
11055,354,9,9,120,40,33.46,0.05,0,1,627
11056,376,8,9,119,42,28.74,0.05,0,1,627
11057,348,8,9,122,39,32.42,0.05,0,1,627
11058,375,8,9,127,45,32.85,0.05,0,1,627
11059,330,8,9,118,38,32.25,0.05,0,1,627
11060,373,9,9,119,43,29.77,0.05,0,1,627
11061,360,9,9,127,41,34.0,0.05,0,1,627
11062,400,1,1,14,4,-1.2,0.05,0,1,627
11063,370,9,9,122,43,31.3,0.05,0,1,627
11064,368,8,9,122,43,30.87,0.05,0,1,627
11065,341,8,9,122,39,33.44,0.05,0,1,627
11066,357,9,9,125,44,28.23,0.05,0,1,627
11067,362,8,9,128,42,33.53,0.05,0,1,627
11068,363,9,9,126,41,30.12,0.05,0,1,627
11069,372,9,9,134,42,33.63,0.05,0,1,627
11070,396,9,9,120,45,30.39,0.05,0,1,627
11071,330,9,9,129,39,31.5,0.05,0,1,627
11072,400,1,1,37,11,1.7,0.05,0,1,627
11073,398,9,9,131,44,32.97,0.05,0,1,627
11074,361,8,9,128,42,32.69,0.05,0,1,627
11075,363,8,9,124,39,36.12,0.05,0,1,627
11076,358,9,9,125,43,30.37,0.05,0,1,627
11077,400,1,1,58,18,7.2,0.05,0,1,627
11078,394,9,9,138,44,36.81,0.05,0,1,627
11079,391,8,9,127,43,30.89,0.05,0,1,627
11080,347,9,9,115,41,27.18,0.05,0,1,627
11081,383,9,9,125,43,33.52,0.05,0,1,627
11082,400,7,7,116,38,28.8,0.05,0,1,627
11083,400,4,4,103,34,20.0,0.05,0,1,627
11084,363,9,9,123,41,29.92,0.05,0,1,627
11085,349,9,9,129,41,33.81,0.05,0,1,627
11086,343,8,9,120,39,32.47,0.05,0,1,627
11087,383,8,9,123,44,28.72,0.05,0,1,627
11088,342,8,9,130,40,34.83,0.05,0,1,627
11089,372,9,9,121,44,29.88,0.05,0,1,627
11090,346,8,9,125,39,34.79,0.05,0,1,627
11091,325,9,9,120,37,31.6,0.05,0,1,627
11092,381,9,9,124,42,32.64,0.05,0,1,627
11093,331,8,9,114,39,24.09,0.05,0,1,627
11094,344,9,9,112,38,28.56,0.05,0,1,627
11095,42,1,1,21,6,-0.92,0.05,1,0,627
11096,346,9,9,128,41,32.49,0.05,0,1,627
11097,400,6,6,121,37,27.45,0.05,0,1,627
11098,357,8,9,110,43,26.73,0.05,0,1,627
11099,400,3,3,69,19,12.9,0.05,0,1,627
11100,374,9,9,122,42,30.96,0.05,0,1,627
11101,400,1,1,68,20,9.5,0.05,0,1,627
11102,386,9,9,120,45,29.04,0.05,0,1,627
11103,365,8,9,124,42,31.7,0.05,0,1,627
11104,386,9,9,115,43,28.89,0.05,0,1,627
11105,358,9,9,113,42,27.07,0.05,0,1,627
11106,383,9,9,124,43,31.52,0.05,0,1,627
11107,356,9,9,130,40,34.69,0.05,0,1,627
11108,347,9,9,117,38,31.93,0.05,0,1,627
11109,362,8,9,124,41,32.93,0.05,0,1,627
11110,341,9,9,123,42,27.54,0.05,0,1,627
11111,383,9,9,118,42,31.97,0.05,0,1,627
11112,368,8,9,123,44,28.62,0.05,0,1,627
11113,400,9,9,129,47,28.85,0.05,0,1,627
11114,365,8,9,127,43,31.65,0.05,0,1,627
11115,362,9,9,124,42,29.13,0.05,0,1,627
11116,325,8,9,121,37,33.95,0.05,0,1,627
11117,400,0,0,19,6,-1.1,0.05,0,1,627
11118,342,8,9,115,41,24.73,0.05,0,1,627
11119,358,9,9,124,43,29.97,0.05,0,1,627
11120,385,9,9,124,46,31.85,0.05,0,1,627
11121,367,8,9,130,44,31.68,0.05,0,1,627
11122,347,8,9,119,40,33.13,0.05,0,1,627
11123,361,9,9,120,43,31.64,0.05,0,1,627
11124,358,9,9,121,41,32.17,0.05,0,1,627
11125,370,9,9,127,44,30.45,0.05,0,1,627
11126,352,8,9,125,41,31.68,0.05,0,1,627
11127,400,8,8,129,48,28.95,0.05,0,1,627
11128,373,9,9,130,45,31.72,0.05,0,1,627
11129,388,9,9,123,44,32.27,0.05,0,1,627
11130,382,8,9,122,41,35.03,0.05,0,1,627
11131,364,9,9,118,42,29.81,0.05,0,1,627
11132,359,8,9,119,42,29.46,0.05,0,1,627
11133,145,4,4,52,18,9.0,0.05,1,0,627
11134,388,9,9,129,44,36.17,0.05,0,1,627
11135,367,8,9,128,41,34.13,0.05,0,1,627
11136,356,9,9,121,43,29.19,0.05,0,1,627
11137,366,9,9,125,44,30.39,0.05,0,1,627
11138,380,9,9,119,44,29.45,0.05,0,1,627
11139,400,2,2,48,14,5.6,0.05,0,1,627
11140,353,8,9,115,42,29.67,0.05,0,1,627
11141,356,8,9,126,41,31.39,0.05,0,1,627
11142,391,9,9,120,47,27.84,0.05,0,1,627
11143,349,8,9,129,40,34.91,0.05,0,1,627
11144,400,6,6,103,33,21.15,0.05,0,1,627
11145,161,5,5,71,21,13.44,0.05,1,0,627
11146,27,0,0,10,4,-5.02,0.05,1,0,627
11147,297,9,9,109,36,31.18,0.05,0,1,627
11148,400,9,9,118,42,29.6,0.05,0,1,627
11149,339,9,9,131,41,34.11,0.05,0,1,627
11150,379,8,9,130,45,33.16,0.05,0,1,627
11151,350,8,9,124,43,26.4,0.05,0,1,627
11152,365,9,9,118,42,27.65,0.05,0,1,627
11153,385,8,9,124,44,29.75,0.05,0,1,627
11154,373,8,9,121,44,34.57,0.05,0,1,627
11155,374,8,9,120,44,30.06,0.05,0,1,627
11156,395,9,9,129,44,34.55,0.05,0,1,627
11157,364,8,9,122,40,34.16,0.05,0,1,627
11158,368,9,9,108,42,28.07,0.05,0,1,627
11159,20,1,1,9,3,-2.95,0.05,1,0,627
11160,354,8,9,121,40,31.76,0.05,0,1,627
11161,400,9,9,118,43,32.6,0.05,0,1,627
11162,351,8,9,132,42,34.54,0.05,0,1,627
11163,400,5,5,91,29,17.3,0.05,0,1,627
11164,400,7,7,129,45,32.8,0.05,0,1,627
11165,379,9,9,117,44,27.66,0.05,0,1,627
11166,13,0,0,7,2,-4.48,0.05,1,0,627
11167,385,9,9,139,45,38.0,0.05,0,1,627
11168,375,8,9,126,41,34.95,0.05,0,1,627
11169,400,9,9,112,45,29.15,0.05,0,1,627
11170,364,9,9,117,42,31.81,0.05,0,1,627
11171,356,8,9,121,40,31.09,0.05,0,1,627
11172,349,8,9,123,40,31.06,0.05,0,1,627
11173,400,8,8,127,47,28.0,0.05,0,1,627
11174,378,8,9,126,43,32.57,0.05,0,1,627
11175,333,9,9,122,39,32.67,0.05,0,1,627
11176,372,9,9,118,43,29.08,0.05,0,1,627
11177,358,9,9,115,39,30.57,0.05,0,1,627
11178,362,9,9,121,44,26.98,0.05,0,1,627
11179,352,9,9,132,39,35.28,0.05,0,1,627
11180,357,8,9,129,42,32.43,0.05,0,1,627
11181,346,9,9,113,38,29.44,0.05,0,1,627
11182,366,9,9,123,41,35.64,0.05,0,1,627
11183,369,9,9,132,42,33.86,0.05,0,1,627
11184,353,9,9,115,41,29.47,0.05,0,1,627
11185,400,9,9,120,47,28.35,0.05,0,1,627
11186,366,9,9,121,42,29.54,0.05,0,1,627
11187,327,8,9,119,38,33.33,0.05,0,1,627
11188,356,8,9,122,41,27.39,0.05,0,1,627
11189,340,8,9,117,39,28.8,0.05,0,1,627
11190,270,5,5,121,34,23.85,0.05,1,0,627
11191,367,9,9,127,42,31.18,0.05,0,1,627
11192,353,9,9,116,41,26.27,0.05,0,1,627
11193,374,9,9,123,43,33.01,0.05,0,1,627
11194,382,9,9,118,44,27.68,0.05,0,1,627
11195,359,9,9,115,41,28.86,0.05,0,1,627
11196,375,8,9,126,44,30.3,0.05,0,1,627
11197,351,9,9,109,39,29.24,0.05,0,1,627
11198,400,8,8,112,41,28.5,0.05,0,1,627
11199,381,8,9,121,46,26.89,0.05,0,1,627
11200,331,8,8,122,39,25.64,0.05,1,0,627
11201,13,0,0,7,2,-4.93,0.05,1,0,627
11202,371,8,9,117,40,33.29,0.05,0,1,627
11203,381,9,9,127,45,31.84,0.05,0,1,627
11204,370,9,9,122,44,30.05,0.05,0,1,627
11205,400,6,6,94,33,19.9,0.05,0,1,627
11206,386,9,9,128,44,35.59,0.05,0,1,627
11207,387,8,9,116,44,31.03,0.05,0,1,627
11208,367,8,9,128,42,33.13,0.05,0,1,627
11209,400,5,5,73,25,14.35,0.05,0,1,627
11210,366,8,9,118,43,27.29,0.05,0,1,627
11211,360,8,9,123,41,32.45,0.05,0,1,627
11212,400,8,8,134,48,30.6,0.05,0,1,627
11213,27,0,0,14,4,-2.92,0.05,1,0,627
11214,374,9,9,128,44,30.06,0.05,0,1,627
11215,339,8,9,113,38,27.41,0.05,0,1,627
11216,361,9,9,126,41,34.09,0.05,0,1,627
11217,373,9,9,121,43,28.62,0.05,0,1,627
11218,335,9,9,107,39,25.65,0.05,0,1,627
11219,385,9,9,123,44,33.1,0.05,0,1,627
11220,381,8,9,128,46,31.24,0.05,0,1,627
11221,369,9,9,123,43,29.16,0.05,0,1,627
11222,363,9,9,124,42,32.12,0.05,0,1,627
11223,305,8,9,119,35,36.4,0.05,0,1,627
11224,366,8,9,117,42,29.69,0.05,0,1,627
11225,397,8,9,112,45,30.33,0.05,0,1,627
11226,400,5,5,81,24,20.85,0.05,0,1,627
11227,400,6,6,122,38,27.75,0.05,0,1,627
11228,370,9,9,127,44,31.35,0.05,0,1,627
11229,13,0,0,6,2,-4.88,0.05,1,0,627
11230,380,9,9,120,46,25.15,0.05,0,1,627
11231,387,8,9,123,44,34.78,0.05,0,1,627
11232,400,4,4,89,28,19.0,0.05,0,1,627
11233,199,7,7,78,25,16.06,0.05,1,0,627
11234,355,9,9,115,38,30.9,0.05,0,1,627
11235,400,1,1,68,20,8.8,0.05,0,1,627
11236,393,8,9,121,42,31.27,0.05,0,1,627
11237,366,9,9,124,43,29.89,0.05,0,1,627
11238,265,4,4,114,33,21.1,0.05,1,0,627
11239,321,9,9,120,38,33.24,0.05,0,1,627
11240,368,9,9,120,42,30.37,0.05,0,1,627
11241,354,8,9,127,40,35.36,0.05,0,1,627
11242,385,9,9,127,46,32.25,0.05,0,1,627
11243,387,9,9,131,44,34.23,0.05,0,1,627
11244,360,9,9,120,43,31.65,0.05,0,1,627
11245,365,9,9,118,39,32.7,0.05,0,1,627
11246,382,9,9,121,40,31.63,0.05,0,1,627
11247,350,9,9,132,42,32.05,0.05,0,1,627
11248,400,8,8,113,34,30.75,0.05,0,1,627
11249,361,9,9,126,41,33.39,0.05,0,1,627
11250,375,8,9,122,42,33.1,0.05,0,1,627
11251,348,9,9,114,39,28.07,0.05,0,1,627
11252,375,8,9,117,44,26.5,0.05,0,1,627
11253,400,9,9,126,46,32.65,0.05,0,1,627
11254,369,9,9,121,43,30.56,0.05,0,1,627
11255,372,9,9,127,41,34.63,0.05,0,1,627
11256,351,8,9,129,41,33.04,0.05,0,1,627
11257,400,5,5,112,33,22.65,0.05,0,1,627
11258,400,9,9,121,45,30.45,0.05,0,1,627
11259,388,9,9,125,44,32.42,0.05,0,1,627
11260,400,9,9,120,41,34.5,0.05,0,1,627
11261,361,8,9,108,40,25.69,0.05,0,1,627
11262,400,4,4,90,25,21.35,0.05,0,1,627
11263,356,9,9,129,42,33.84,0.05,0,1,627
11264,353,9,9,129,41,33.67,0.05,0,1,627
11265,374,8,9,129,43,30.96,0.05,0,1,627
11266,368,8,9,121,43,31.82,0.05,0,1,627
11267,394,8,9,126,44,31.56,0.05,0,1,627
11268,361,8,9,119,42,30.84,0.05,0,1,627
11269,382,8,9,117,45,27.73,0.05,0,1,627
11270,400,8,8,131,45,30.75,0.05,0,1,627
11271,360,9,9,125,42,30.15,0.05,0,1,627
11272,389,9,9,123,45,31.56,0.05,0,1,627
11273,336,9,9,121,39,31.69,0.05,0,1,627
11274,348,8,9,122,40,30.62,0.05,0,1,627
11275,366,8,9,117,43,29.24,0.05,0,1,627
11276,341,9,9,120,39,30.94,0.05,0,1,627
11277,341,9,9,108,39,29.09,0.05,0,1,627
11278,393,9,9,131,47,32.47,0.05,0,1,627
11279,358,8,9,117,40,31.72,0.05,0,1,627
11280,135,3,3,61,18,7.1,0.05,1,0,627
11281,13,0,0,7,2,-4.58,0.05,1,0,627
11282,393,8,9,128,43,34.72,0.05,0,1,627
11283,351,8,9,131,39,34.94,0.05,0,1,627
11284,317,9,9,126,38,32.43,0.05,0,1,627
11285,13,0,0,6,2,-4.98,0.05,1,0,627
11286,348,8,9,123,41,31.57,0.05,0,1,627
11287,321,8,9,120,37,32.94,0.05,0,1,627
11288,376,9,9,129,42,32.19,0.05,0,1,627
11289,376,9,9,123,43,29.69,0.05,0,1,627
11290,351,8,9,124,39,32.64,0.05,0,1,627
11291,358,9,9,127,42,33.67,0.05,0,1,627
11292,400,8,8,123,42,29.3,0.05,0,1,627
11293,380,8,9,119,44,30.5,0.05,0,1,627
11294,394,9,9,122,44,27.16,0.05,0,1,627
11295,400,9,9,133,46,26.65,0.05,0,1,627
11296,386,9,9,130,45,33.09,0.05,0,1,627
11297,376,8,9,122,42,25.49,0.05,0,1,627
11298,13,0,0,6,2,-4.78,0.05,1,0,627
11299,367,8,9,127,42,33.43,0.05,0,1,627
11300,386,9,9,135,45,36.99,0.05,0,1,627
11301,333,9,9,119,40,28.22,0.05,0,1,627
11302,390,8,9,123,45,30.8,0.05,0,1,627
11303,44,1,1,27,6,1.06,0.05,1,0,627
11304,329,9,9,125,39,31.71,0.05,0,1,627
11305,383,9,9,124,44,31.22,0.05,0,1,627
11306,338,9,9,122,40,34.82,0.05,0,1,627
11307,343,8,9,114,41,26.67,0.05,0,1,627
11308,400,4,4,76,23,16.0,0.05,0,1,627
11309,400,4,4,95,35,19.85,0.05,0,1,627
11310,347,9,9,122,40,31.13,0.05,0,1,627
11311,340,8,9,116,36,33.35,0.05,0,1,627
11312,389,8,9,118,44,30.21,0.05,0,1,627
11313,337,8,9,113,38,29.68,0.05,0,1,627
11314,400,8,8,115,40,27.45,0.05,0,1,627
11315,400,0,0,5,2,-3.85,0.05,0,1,627
11316,400,8,8,121,46,27.8,0.05,0,1,627
11317,373,8,9,122,42,32.22,0.05,0,1,627
11318,375,8,9,127,42,31.6,0.05,0,1,627
11319,358,8,9,133,42,33.32,0.05,0,1,627
11320,335,8,9,125,39,36.4,0.05,0,1,627
11321,379,8,9,125,45,33.16,0.05,0,1,627
11322,368,8,9,119,43,30.22,0.05,0,1,627
11323,400,3,3,78,25,16.85,0.05,0,1,627
11324,334,9,9,123,39,31.01,0.05,0,1,627
11325,371,9,9,124,41,31.44,0.05,0,1,627
11326,400,6,6,107,34,22.5,0.05,0,1,627
11327,400,4,4,92,27,20.5,0.05,0,1,627
11328,400,9,9,126,45,32.55,0.05,0,1,627
11329,378,8,9,117,43,24.87,0.05,0,1,627
11330,342,8,9,121,40,32.28,0.05,0,1,627
11331,44,0,0,23,6,-0.89,0.05,1,0,627
11332,400,6,6,114,36,28.1,0.05,0,1,627
11333,371,8,9,117,43,25.19,0.05,0,1,627
11334,345,9,9,127,39,29.6,0.05,0,1,627
11335,388,8,9,119,44,32.82,0.05,0,1,627
11336,20,0,0,8,3,-4.5,0.05,1,0,627
11337,398,8,9,139,49,31.92,0.05,0,1,627
11338,13,0,0,6,2,-4.98,0.05,1,0,627
11339,385,9,9,129,44,33.3,0.05,0,1,627
11340,203,3,3,83,27,11.22,0.05,1,0,627
11341,400,1,1,63,17,9.4,0.05,0,1,627
11342,338,9,9,118,39,30.22,0.05,0,1,627
11343,388,8,9,123,44,30.37,0.05,0,1,627
11344,365,9,9,117,41,30.45,0.05,0,1,627
11345,386,8,9,124,44,24.24,0.05,0,1,627
11346,370,8,9,117,42,26.8,0.05,0,1,627
11347,388,8,9,118,46,28.37,0.05,0,1,627
11348,344,8,9,116,39,30.51,0.05,0,1,627
11349,371,9,9,125,43,30.14,0.05,0,1,627
11350,350,9,9,132,41,35.05,0.05,0,1,627
11351,369,9,9,128,41,35.81,0.05,0,1,627
11352,353,8,9,130,40,32.72,0.05,0,1,627
11353,400,9,9,124,44,34.35,0.05,0,1,627
11354,366,9,9,126,41,31.84,0.05,0,1,627
11355,359,9,9,117,41,28.91,0.05,0,1,627
11356,367,8,9,124,44,33.58,0.05,0,1,627
11357,390,9,9,126,43,32.85,0.05,0,1,627
11358,332,9,9,126,37,36.58,0.05,0,1,627
11359,400,0,0,0,0,-4.45,0.05,0,1,627
11360,340,9,9,117,40,26.4,0.05,0,1,627
11361,400,9,9,116,46,29.6,0.05,0,1,627
11362,399,8,9,123,46,27.46,0.05,0,1,627
11363,392,8,9,121,43,34.43,0.05,0,1,627
11364,27,0,0,11,4,-3.72,0.05,1,0,627
11365,400,9,9,123,48,26.35,0.05,0,1,627
11366,381,9,9,118,42,30.74,0.05,0,1,627
11367,378,9,9,135,44,32.57,0.05,0,1,627
11368,331,8,9,118,40,31.19,0.05,0,1,627
11369,350,9,9,117,40,28.35,0.05,0,1,627
11370,400,7,7,118,36,26.25,0.05,0,1,627
11371,359,9,9,132,40,35.21,0.05,0,1,627
11372,375,9,9,130,43,31.3,0.05,0,1,627
11373,346,8,9,124,41,27.79,0.05,0,1,627
11374,395,8,9,126,45,32.75,0.05,0,1,627
11375,400,8,8,118,40,27.3,0.05,0,1,627
11376,400,9,9,122,45,31.25,0.05,0,1,627
11377,315,9,9,111,35,32.45,0.05,0,1,627
11378,350,9,9,119,40,30.25,0.05,0,1,627
11379,400,9,9,117,46,24.2,0.05,0,1,627
11380,333,9,9,123,40,31.47,0.05,0,1,627
11381,360,8,9,119,43,31.9,0.05,0,1,627
11382,339,9,9,117,39,32.76,0.05,0,1,627
11383,400,6,6,88,29,17.65,0.05,0,1,627
11384,400,9,9,115,49,21.6,0.05,0,1,627
11385,319,9,9,131,38,34.61,0.05,0,1,627
11386,359,9,9,119,42,30.01,0.05,0,1,627
11387,400,9,9,123,39,29.7,0.05,0,1,627
11388,354,9,9,126,42,31.21,0.05,0,1,627
11389,340,9,9,118,40,31.75,0.05,0,1,627
11390,366,9,9,118,43,26.09,0.05,0,1,627
11391,359,8,9,130,42,32.41,0.05,0,1,627
11392,400,8,8,117,44,27.9,0.05,0,1,627
11393,364,8,9,127,42,34.16,0.05,0,1,627
11394,331,8,9,118,38,32.84,0.05,0,1,627
11395,396,8,9,125,46,32.04,0.05,0,1,627
11396,359,9,9,125,41,32.31,0.05,0,1,627
11397,20,0,0,7,3,-5.6,0.05,1,0,627
11398,369,9,9,115,41,31.86,0.05,0,1,627
11399,348,9,9,124,43,33.42,0.05,0,1,627
11400,360,9,9,127,42,33.2,0.05,0,1,627
11401,400,8,8,122,40,27.9,0.05,0,1,627
11402,381,8,9,124,45,26.24,0.05,0,1,627
11403,375,8,9,125,44,28.7,0.05,0,1,627
11404,393,8,9,113,42,29.17,0.05,0,1,627
11405,400,7,7,127,40,29.15,0.05,0,1,627
11406,370,8,9,118,42,29.45,0.05,0,1,627
11407,356,9,9,118,41,32.34,0.05,0,1,627
11408,400,4,4,89,27,20.75,0.05,0,1,627
11409,346,9,9,119,38,33.34,0.05,0,1,627
11410,398,9,9,122,45,27.67,0.05,0,1,627
11411,380,8,9,120,45,27.3,0.05,0,1,627
11412,389,8,9,127,47,28.61,0.05,0,1,627
11413,326,8,9,112,37,31.29,0.05,0,1,627
11414,353,8,9,122,41,28.32,0.05,0,1,627
11415,381,9,9,122,43,28.69,0.05,0,1,627
11416,201,3,3,88,26,16.99,0.05,1,0,627
11417,351,9,9,117,41,27.84,0.05,0,1,627
11418,400,3,3,95,30,15.8,0.05,0,1,627
11419,368,9,9,121,43,30.57,0.05,0,1,627
11420,366,9,9,116,42,30.44,0.05,0,1,627
11421,388,9,9,129,46,33.07,0.05,0,1,627
11422,400,1,1,36,11,1.05,0.05,0,1,627
11423,392,8,9,122,44,31.08,0.05,0,1,627
11424,363,9,9,127,42,31.22,0.05,0,1,627
11425,399,8,9,117,45,29.46,0.05,0,1,627
11426,400,9,9,126,46,27.25,0.05,0,1,627
11427,351,9,9,121,42,33.04,0.05,0,1,627
11428,371,8,9,116,40,32.79,0.05,0,1,627
11429,343,9,9,119,42,27.72,0.05,0,1,627
11430,339,9,9,126,39,35.61,0.05,0,1,627
11431,400,1,1,48,15,4.35,0.05,0,1,627
11432,329,9,9,118,39,30.61,0.05,0,1,627
11433,392,8,9,121,44,31.23,0.05,0,1,627
11434,389,8,9,128,44,33.26,0.05,0,1,627
11435,352,9,9,126,41,33.08,0.05,0,1,627
11436,362,9,9,124,41,30.18,0.05,0,1,627
11437,353,8,9,123,42,33.02,0.05,0,1,627
11438,361,9,9,123,42,34.44,0.05,0,1,627
11439,400,8,8,119,40,29.8,0.05,0,1,627
11440,389,8,9,129,46,29.81,0.05,0,1,627
11441,351,8,9,122,40,33.04,0.05,0,1,627
11442,368,8,9,122,42,29.37,0.05,0,1,627
11443,381,9,9,115,44,27.69,0.05,0,1,627
11444,400,2,2,46,13,6.6,0.05,0,1,627
11445,183,3,3,88,25,14.67,0.05,1,0,627
11446,389,9,9,121,45,29.36,0.05,0,1,627
11447,385,8,9,129,43,36.65,0.05,0,1,627
11448,369,9,9,117,41,31.21,0.05,0,1,627
11449,372,8,9,124,44,26.58,0.05,0,1,627
11450,386,8,9,132,42,32.89,0.05,0,1,627
11451,375,8,9,128,44,33.85,0.05,0,1,627
11452,13,0,0,6,2,-4.98,0.05,1,0,627
11453,385,9,9,130,44,35.2,0.05,0,1,627
11454,373,9,9,118,44,30.57,0.05,0,1,627
11455,400,5,5,102,30,26.55,0.05,0,1,627
11456,364,9,9,119,40,33.11,0.05,0,1,627
11457,400,6,6,97,34,22.0,0.05,0,1,627
11458,345,8,9,121,40,33.0,0.05,0,1,627
11459,384,9,9,119,43,28.06,0.05,0,1,627
11460,396,8,9,124,45,27.64,0.05,0,1,627
11461,352,8,9,122,41,30.23,0.05,0,1,627
11462,400,6,6,91,26,22.25,0.05,0,1,627
11463,363,8,9,111,40,28.32,0.05,0,1,627
11464,345,8,9,115,39,29.9,0.05,0,1,627
11465,358,9,9,121,43,30.17,0.05,0,1,627
11466,361,8,9,119,42,29.79,0.05,0,1,627
11467,381,9,9,122,43,31.29,0.05,0,1,627
11468,400,3,3,104,31,18.8,0.05,0,1,627
11469,333,8,9,130,38,35.47,0.05,0,1,627
11470,378,9,9,123,44,34.22,0.05,0,1,627
11471,359,9,9,118,42,30.26,0.05,0,1,627
11472,370,8,9,117,44,27.25,0.05,0,1,627
11473,377,9,9,129,44,31.78,0.05,0,1,627
11474,368,8,9,131,44,31.72,0.05,0,1,627
11475,369,9,9,114,43,28.96,0.05,0,1,627
11476,358,8,9,118,39,33.37,0.05,0,1,627
11477,373,9,9,115,44,29.17,0.05,0,1,627
11478,377,8,9,125,42,33.03,0.05,0,1,627
11479,345,9,9,112,40,24.95,0.05,0,1,627
11480,77,1,1,29,10,-0.12,0.05,1,0,627
11481,385,8,9,130,43,33.5,0.05,0,1,627
11482,400,4,4,101,28,23.85,0.05,0,1,627
11483,398,9,9,126,47,30.12,0.05,0,1,627
11484,400,5,5,84,26,16.45,0.05,0,1,627
11485,370,8,9,126,44,31.9,0.05,0,1,627
11486,341,9,9,127,40,35.79,0.05,0,1,627
11487,27,2,2,11,4,-2.07,0.05,1,0,627
11488,350,9,9,125,41,34.9,0.05,0,1,627
11489,13,0,0,7,2,-5.43,0.05,1,0,627
11490,400,2,2,65,18,11.8,0.05,0,1,627
11491,377,9,9,123,42,31.68,0.05,0,1,627
11492,383,9,9,122,45,28.17,0.05,0,1,627
11493,399,8,9,134,45,37.21,0.05,0,1,627
11494,376,8,9,121,42,31.84,0.05,0,1,627
11495,356,9,9,114,39,29.29,0.05,0,1,627
11496,351,9,9,129,40,34.49,0.05,0,1,627
11497,351,9,9,130,41,35.99,0.05,0,1,627
11498,346,9,9,122,39,34.69,0.05,0,1,627
11499,400,8,8,123,45,32.35,0.05,0,1,627
11500,355,8,9,124,42,33.65,0.05,0,1,627
11501,400,4,4,110,35,22.05,0.05,0,1,627
11502,331,8,9,128,37,35.94,0.05,0,1,627
11503,394,9,9,123,45,30.21,0.05,0,1,627
11504,369,8,9,133,41,35.96,0.05,0,1,627
11505,344,8,9,130,42,30.41,0.05,0,1,627
11506,390,9,9,123,45,26.95,0.05,0,1,627
11507,400,4,4,44,13,7.4,0.05,0,1,627
11508,351,9,9,120,39,32.74,0.05,0,1,627
11509,377,8,9,123,43,32.58,0.05,0,1,627
11510,400,8,8,122,46,27.35,0.05,0,1,627
11511,365,8,9,120,41,30.25,0.05,0,1,627
11512,375,8,9,119,42,33.4,0.05,0,1,627
11513,335,8,9,112,38,25.2,0.05,0,1,627
11514,392,8,9,127,46,32.88,0.05,0,1,627
11515,378,9,9,134,41,33.37,0.05,0,1,627
11516,399,8,9,119,47,23.96,0.05,0,1,627
11517,372,8,9,128,44,34.18,0.05,0,1,627
11518,347,9,9,128,40,35.28,0.05,0,1,627
11519,353,8,9,117,40,30.22,0.05,0,1,627
11520,350,9,9,120,41,27.9,0.05,0,1,627
11521,400,6,6,96,30,19.05,0.05,0,1,627
11522,400,8,8,122,38,28.35,0.05,0,1,627
11523,383,8,9,127,44,29.82,0.05,0,1,627
11524,360,9,9,125,44,27.7,0.05,0,1,627
11525,359,9,9,126,41,35.71,0.05,0,1,627
11526,371,9,9,126,42,30.39,0.05,0,1,627
11527,346,9,9,124,38,30.99,0.05,0,1,627
11528,373,8,9,134,41,35.92,0.05,0,1,627
11529,400,2,2,59,18,9.2,0.05,0,1,627
11530,396,8,9,122,45,29.79,0.05,0,1,627
11531,400,9,9,123,46,31.05,0.05,0,1,627
11532,359,9,9,118,40,30.71,0.05,0,1,627
11533,383,9,9,124,45,32.67,0.05,0,1,627
11534,396,9,9,124,45,32.29,0.05,0,1,627
11535,325,8,9,118,39,30.2,0.05,0,1,627
11536,367,8,9,126,44,26.88,0.05,0,1,627
11537,365,8,9,124,43,29.3,0.05,0,1,627
11538,400,6,6,110,38,26.95,0.05,0,1,627
11539,351,8,9,119,41,29.74,0.05,0,1,627
11540,392,8,9,119,44,31.68,0.05,0,1,627
11541,371,9,9,128,43,32.14,0.05,0,1,627
11542,377,9,9,124,42,30.83,0.05,0,1,627
11543,394,8,9,124,44,31.11,0.05,0,1,627
11544,376,8,9,121,41,34.24,0.05,0,1,627
11545,359,9,9,118,43,24.51,0.05,0,1,627
11546,387,9,9,125,46,30.43,0.05,0,1,627
11547,347,8,9,133,41,34.48,0.05,0,1,627
11548,400,3,3,79,28,14.85,0.05,0,1,627
11549,58,0,0,29,8,-0.88,0.05,1,0,627
11550,369,9,9,118,42,30.66,0.05,0,1,627
11551,388,8,9,127,48,27.52,0.05,0,1,627
11552,334,8,9,122,40,30.51,0.05,0,1,627
11553,400,3,3,56,17,7.65,0.05,0,1,627
11554,381,9,9,122,45,24.99,0.05,0,1,627
11555,372,8,9,124,41,35.58,0.05,0,1,627
11556,400,6,6,93,26,22.65,0.05,0,1,627
11557,390,9,9,126,46,28.9,0.05,0,1,627
11558,375,8,9,128,44,33.75,0.05,0,1,627
11559,83,3,3,35,11,1.87,0.05,1,0,627
11560,13,0,0,6,2,-4.88,0.05,1,0,627
11561,338,9,9,129,40,30.92,0.05,0,1,627
11562,400,9,9,123,46,31.5,0.05,0,1,627
11563,400,9,9,127,46,32.9,0.05,0,1,627
11564,340,8,9,111,41,32.5,0.05,0,1,627
11565,400,2,2,60,16,10.6,0.05,0,1,627
11566,366,9,9,109,41,29.44,0.05,0,1,627
11567,355,8,9,112,40,28.95,0.05,0,1,627
11568,391,8,9,115,45,28.24,0.05,0,1,627
11569,365,8,9,115,40,32.25,0.05,0,1,627
11570,400,3,3,49,16,7.1,0.05,0,1,627
11571,323,7,7,122,39,23.52,0.05,1,0,627
11572,352,9,9,111,39,31.38,0.05,0,1,627
11573,368,8,9,122,45,30.07,0.05,0,1,627
11574,185,6,6,80,23,14.7,0.05,1,0,627
11575,377,9,9,120,43,28.68,0.05,0,1,627
11576,350,9,9,121,42,30.0,0.05,0,1,627
11577,389,8,9,129,43,34.51,0.05,0,1,627
11578,359,9,9,116,40,30.16,0.05,0,1,627
11579,354,9,9,121,39,32.96,0.05,0,1,627
11580,393,8,9,126,46,31.02,0.05,0,1,627
11581,376,8,9,129,45,30.79,0.05,0,1,627
11582,346,9,9,112,38,30.79,0.05,0,1,627
11583,358,9,9,124,42,27.97,0.05,0,1,627
11584,20,0,0,8,3,-4.85,0.05,1,0,627
11585,347,8,9,123,42,30.68,0.05,0,1,627
11586,365,8,9,120,41,28.55,0.05,0,1,627
11587,362,8,9,124,41,31.23,0.05,0,1,627
11588,390,8,9,126,45,31.85,0.05,0,1,627
11589,370,9,9,123,44,33.05,0.05,0,1,627
11590,382,9,9,128,44,33.83,0.05,0,1,627
11591,382,8,9,114,42,28.38,0.05,0,1,627
11592,400,5,5,107,36,18.4,0.05,0,1,627
11593,400,3,3,48,14,8.15,0.05,0,1,627
11594,27,0,0,11,4,-5.67,0.05,1,0,627
11595,345,8,9,130,42,33.3,0.05,0,1,627
11596,354,8,9,124,40,28.41,0.05,0,1,627
11597,339,9,9,122,40,34.86,0.05,0,1,627
11598,360,8,9,129,43,34.1,0.05,0,1,627
11599,400,3,3,59,16,10.9,0.05,0,1,627
11600,392,8,9,127,45,32.13,0.05,0,1,627
11601,357,9,9,124,41,34.83,0.05,0,1,627
11602,329,9,9,125,37,37.56,0.05,0,1,627
11603,307,9,9,114,35,30.93,0.05,0,1,627
11604,331,9,9,127,40,33.14,0.05,0,1,627
11605,397,9,9,126,48,28.33,0.05,0,1,627
11606,368,9,9,127,41,26.97,0.05,0,1,627
11607,359,8,9,124,41,30.76,0.05,0,1,627
11608,381,8,9,128,44,30.39,0.05,0,1,627
11609,369,8,9,127,43,30.01,0.05,0,1,627
11610,368,9,9,128,41,33.07,0.05,0,1,627
11611,400,8,8,125,45,26.4,0.05,0,1,627
11612,400,9,9,127,47,29.8,0.05,0,1,627
11613,336,8,9,120,39,29.14,0.05,0,1,627
11614,364,9,9,123,39,32.31,0.05,0,1,627
11615,400,1,1,31,11,-1.2,0.05,0,1,627
11616,378,8,9,121,44,29.92,0.05,0,1,627
11617,400,3,3,35,13,1.4,0.05,0,1,627
11618,351,8,9,117,42,28.44,0.05,0,1,627
11619,346,9,9,121,40,29.79,0.05,0,1,627
11620,400,2,2,49,13,8.15,0.05,0,1,627
11621,368,8,9,113,43,24.67,0.05,0,1,627
11622,383,8,9,118,44,30.12,0.05,0,1,627
11623,354,9,9,125,42,29.86,0.05,0,1,627
11624,390,8,9,118,41,32.6,0.05,0,1,627
11625,345,8,9,133,41,32.95,0.05,0,1,627
11626,400,4,4,47,13,9.0,0.05,0,1,627
11627,345,8,9,128,41,33.0,0.05,0,1,627
11628,330,9,9,119,37,33.25,0.05,0,1,627
11629,377,8,9,123,44,32.53,0.05,0,1,627
11630,373,8,9,126,44,30.47,0.05,0,1,627
11631,324,8,9,102,38,25.76,0.05,0,1,627
11632,364,9,9,129,43,32.41,0.05,0,1,627
11633,358,8,9,119,42,32.42,0.05,0,1,627
11634,364,8,9,126,40,34.01,0.05,0,1,627
11635,377,9,9,127,44,32.13,0.05,0,1,627
11636,27,0,0,10,4,-5.47,0.05,1,0,627
11637,381,8,9,135,42,36.24,0.05,0,1,627
11638,353,8,9,120,41,30.67,0.05,0,1,627
11639,330,8,9,119,38,35.7,0.05,0,1,627
11640,400,5,5,109,31,25.5,0.05,0,1,627
11641,400,9,9,120,44,33.35,0.05,0,1,627
11642,397,9,9,128,45,29.98,0.05,0,1,627
11643,398,8,9,122,46,31.57,0.05,0,1,627
11644,20,0,0,10,3,-3.75,0.05,1,0,627
11645,396,8,9,115,44,29.59,0.05,0,1,627
11646,13,0,0,6,2,-4.78,0.05,1,0,627
11647,380,9,9,121,43,32.0,0.05,0,1,627
11648,345,9,9,126,40,32.6,0.05,0,1,627
11649,342,8,9,125,38,31.13,0.05,0,1,627
11650,361,8,9,130,43,29.94,0.05,0,1,627
11651,352,9,9,129,42,33.93,0.05,0,1,627
11652,349,9,9,118,39,32.26,0.05,0,1,627
11653,331,7,7,126,40,24.39,0.05,1,0,627
11654,356,8,9,111,42,24.64,0.05,0,1,627
11655,335,9,9,132,39,38.05,0.05,0,1,627
11656,388,8,9,127,45,30.37,0.05,0,1,627
11657,356,8,9,128,41,32.99,0.05,0,1,627
11658,372,9,9,131,41,33.13,0.05,0,1,627
11659,400,9,9,127,45,36.2,0.05,0,1,627
11660,317,8,9,114,38,32.98,0.05,0,1,627
11661,377,9,9,119,41,32.83,0.05,0,1,627
11662,368,8,9,129,41,36.37,0.05,0,1,627
11663,365,9,9,130,42,32.05,0.05,0,1,627
11664,400,8,8,123,40,28.7,0.05,0,1,627
11665,358,9,9,115,41,28.52,0.05,0,1,627
11666,347,8,9,122,42,32.13,0.05,0,1,627
11667,392,9,9,121,44,32.68,0.05,0,1,627
11668,395,9,9,129,44,33.05,0.05,0,1,627
11669,27,0,0,12,4,-3.42,0.05,1,0,627
11670,400,6,6,124,40,30.4,0.05,0,1,627
11671,400,2,2,50,15,6.0,0.05,0,1,627
11672,373,8,9,125,44,29.17,0.05,0,1,627
11673,347,9,9,116,40,28.28,0.05,0,1,627
11674,27,1,1,10,4,-4.62,0.05,1,0,627
11675,365,9,9,131,42,35.6,0.05,0,1,627
11676,393,9,9,135,46,30.72,0.05,0,1,627
11677,400,9,9,127,45,33.6,0.05,0,1,627
11678,400,8,8,121,44,30.6,0.05,0,1,627
11679,369,8,9,124,41,32.21,0.05,0,1,627
11680,383,9,9,131,42,34.17,0.05,0,1,627
11681,366,8,9,128,43,34.04,0.05,0,1,627
11682,400,0,0,5,2,-4.25,0.05,0,1,627
11683,383,9,9,130,43,33.97,0.05,0,1,627
11684,364,9,9,118,41,31.01,0.05,0,1,627
11685,392,8,9,119,45,30.78,0.05,0,1,627
11686,372,8,9,119,42,27.93,0.05,0,1,627
11687,400,6,6,98,28,22.5,0.05,0,1,627
11688,358,9,9,130,42,33.07,0.05,0,1,627
11689,381,9,9,126,46,29.04,0.05,0,1,627
11690,358,9,9,121,41,34.57,0.05,0,1,627
11691,378,8,9,122,42,30.67,0.05,0,1,627
11692,400,8,8,119,45,31.9,0.05,0,1,627
11693,400,2,2,51,13,8.1,0.05,0,1,627
11694,370,8,9,115,41,30.15,0.05,0,1,627
11695,339,8,9,121,37,32.31,0.05,0,1,627
11696,343,8,9,126,41,32.87,0.05,0,1,627
11697,374,8,9,120,44,30.96,0.05,0,1,627
11698,368,9,9,125,40,34.72,0.05,0,1,627
11699,351,9,9,121,39,34.79,0.05,0,1,627
11700,371,9,9,133,43,30.19,0.05,0,1,627
11701,351,9,9,119,43,29.54,0.05,0,1,627
11702,374,8,9,130,44,29.81,0.05,0,1,627
11703,344,9,9,120,41,30.36,0.05,0,1,627
11704,349,8,9,125,39,33.91,0.05,0,1,627
11705,341,9,9,124,41,33.54,0.05,0,1,627
11706,375,8,9,129,44,32.75,0.05,0,1,627
11707,400,8,8,122,38,28.2,0.05,0,1,627
11708,368,8,9,119,39,30.87,0.05,0,1,627
11709,353,9,9,122,40,31.92,0.05,0,1,627
11710,400,7,7,107,34,27.05,0.05,0,1,627
11711,351,9,9,122,42,28.84,0.05,0,1,627
11712,362,8,9,124,42,30.68,0.05,0,1,627
11713,400,6,6,124,46,27.4,0.05,0,1,627
11714,346,9,9,121,40,31.79,0.05,0,1,627
11715,397,9,9,136,43,36.08,0.05,0,1,627
11716,367,8,9,129,42,31.43,0.05,0,1,627
11717,386,9,9,116,46,27.14,0.05,0,1,627
11718,375,9,9,116,43,30.2,0.05,0,1,627
11719,382,8,9,131,45,32.23,0.05,0,1,627
11720,379,8,9,131,43,33.51,0.05,0,1,627
11721,369,8,9,126,41,36.06,0.05,0,1,627
11722,27,0,0,11,4,-3.72,0.05,1,0,627
11723,358,9,9,122,42,32.07,0.05,0,1,627
11724,354,8,9,118,42,28.81,0.05,0,1,627
11725,357,8,9,116,44,24.53,0.05,0,1,627
11726,363,9,9,119,41,29.47,0.05,0,1,627
11727,355,8,9,122,42,31.1,0.05,0,1,627
11728,330,8,9,113,38,30.7,0.05,0,1,627
11729,370,9,9,121,44,29.65,0.05,0,1,627
11730,358,8,9,122,40,31.12,0.05,0,1,627
11731,400,8,8,131,45,31.25,0.05,0,1,627
11732,358,9,9,124,40,28.97,0.05,0,1,627
11733,349,9,9,120,40,32.26,0.05,0,1,627
11734,376,9,9,123,42,27.74,0.05,0,1,627
11735,400,0,0,54,17,4.5,0.05,0,1,627
11736,379,8,9,123,43,33.46,0.05,0,1,627
11737,361,8,9,119,41,32.59,0.05,0,1,627
11738,369,9,9,124,43,30.76,0.05,0,1,627
11739,400,5,5,113,37,26.45,0.05,0,1,627
11740,400,0,0,0,0,-4.55,0.05,0,1,627
11741,363,8,9,120,40,34.52,0.05,0,1,627
11742,376,8,9,120,42,31.89,0.05,0,1,627
11743,400,3,3,91,26,18.65,0.05,0,1,627
11744,27,0,0,12,4,-4.87,0.05,1,0,627
11745,365,8,9,116,42,29.1,0.05,0,1,627
11746,107,2,2,45,13,5.28,0.05,1,0,627
11747,325,8,9,120,37,34.4,0.05,0,1,627
11748,389,9,9,111,45,26.96,0.05,0,1,627
11749,375,8,9,126,44,30.05,0.05,0,1,627
11750,358,8,9,121,41,30.72,0.05,0,1,627
11751,388,8,9,126,44,35.92,0.05,0,1,627
11752,376,9,9,117,44,28.39,0.05,0,1,627
11753,400,8,8,130,46,32.5,0.05,0,1,627
11754,389,8,9,123,46,30.71,0.05,0,1,627
11755,378,8,9,130,45,31.42,0.05,0,1,627
11756,400,3,3,98,31,15.8,0.05,0,1,627
11757,346,8,9,118,42,26.79,0.05,0,1,627
11758,395,9,9,119,47,26.95,0.05,0,1,627
11759,356,9,9,125,41,33.29,0.05,0,1,627
11760,385,9,9,131,46,32.7,0.05,0,1,627
11761,379,8,9,124,42,29.56,0.05,0,1,627
11762,346,8,9,125,40,31.69,0.05,0,1,627
11763,364,8,9,123,42,25.81,0.05,0,1,627
11764,400,8,8,125,41,32.3,0.05,0,1,627
11765,335,8,9,125,38,31.75,0.05,0,1,627
11766,382,8,9,120,43,32.63,0.05,0,1,627
11767,400,9,9,123,45,31.45,0.05,0,1,627
11768,378,8,9,120,44,31.52,0.05,0,1,627
11769,375,8,9,122,42,35.2,0.05,0,1,627
11770,348,9,9,131,39,35.27,0.05,0,1,627
11771,13,0,0,7,2,-4.68,0.05,1,0,627
11772,357,8,9,121,42,29.93,0.05,0,1,627
11773,332,8,9,119,38,33.18,0.05,0,1,627
11774,346,8,9,133,40,35.94,0.05,0,1,627
11775,379,9,9,126,45,27.91,0.05,0,1,627
11776,384,8,9,121,44,31.51,0.05,0,1,627
11777,381,8,9,135,46,29.69,0.05,0,1,627
11778,93,2,2,47,12,4.32,0.05,1,0,627
11779,385,8,9,134,43,33.6,0.05,0,1,627
11780,365,9,9,134,43,34.2,0.05,0,1,627
11781,395,9,9,125,43,33.8,0.05,0,1,627
11782,400,0,0,29,10,-3.4,0.05,0,1,627
11783,355,8,9,113,43,31.15,0.05,0,1,627
11784,344,8,9,116,41,29.76,0.05,0,1,627
11785,400,9,9,127,46,31.4,0.05,0,1,627
11786,389,8,9,123,42,32.66,0.05,0,1,627
11787,352,9,9,111,38,31.68,0.05,0,1,627
11788,374,9,9,123,44,27.91,0.05,0,1,627
11789,400,7,7,104,34,23.65,0.05,0,1,627
11790,361,8,9,120,41,28.34,0.05,0,1,627
11791,400,5,5,106,37,23.4,0.05,0,1,627
11792,365,9,9,123,42,30.15,0.05,0,1,627
11793,366,9,9,119,40,30.64,0.05,0,1,627
11794,246,2,2,92,32,7.79,0.05,1,0,627
11795,382,8,9,126,46,26.93,0.05,0,1,627
11796,364,9,9,118,42,31.11,0.05,0,1,627
11797,348,9,9,126,40,30.67,0.05,0,1,627
11798,400,3,3,99,31,16.95,0.05,0,1,627
11799,366,9,9,122,41,30.14,0.05,0,1,627
11800,361,8,9,129,42,33.39,0.05,0,1,627
11801,347,8,9,128,40,31.83,0.05,0,1,627
11802,389,8,9,124,44,28.76,0.05,0,1,627
11803,325,8,9,106,38,28.0,0.05,0,1,627
11804,373,8,9,125,42,25.52,0.05,0,1,627
11805,382,9,9,123,43,34.23,0.05,0,1,627
11806,383,9,9,133,43,34.37,0.05,0,1,627
11807,364,9,9,130,43,31.26,0.05,0,1,627
11808,310,9,9,124,37,36.15,0.05,0,1,627
11809,376,9,9,126,43,31.69,0.05,0,1,627
11810,333,9,9,119,38,32.32,0.05,0,1,627
11811,375,9,9,127,43,31.2,0.05,0,1,627
11812,333,8,9,130,40,34.52,0.05,0,1,627
11813,382,9,9,129,43,34.43,0.05,0,1,627
11814,373,9,9,126,43,32.97,0.05,0,1,627
11815,355,9,9,119,40,35.6,0.05,0,1,627
11816,363,9,9,122,40,33.72,0.05,0,1,627
11817,361,9,9,122,41,32.79,0.05,0,1,627
11818,350,8,9,124,41,32.5,0.05,0,1,627
11819,400,7,7,121,39,25.55,0.05,0,1,627
11820,351,8,9,121,41,28.39,0.05,0,1,627
11821,352,8,9,128,42,33.38,0.05,0,1,627
11822,378,9,9,135,41,35.37,0.05,0,1,627
11823,383,8,9,124,45,28.97,0.05,0,1,627
11824,367,9,9,116,41,31.28,0.05,0,1,627
11825,358,8,9,117,41,29.92,0.05,0,1,627
11826,330,9,9,125,40,29.7,0.05,0,1,627
11827,348,8,9,128,42,32.17,0.05,0,1,627
11828,364,9,9,127,44,31.21,0.05,0,1,627
11829,400,6,6,75,25,15.85,0.05,0,1,627
11830,400,9,9,117,42,29.9,0.05,0,1,627
11831,380,9,9,129,42,30.45,0.05,0,1,627
11832,351,9,9,121,40,32.89,0.05,0,1,627
11833,377,9,9,124,44,26.38,0.05,0,1,627
11834,346,9,9,126,40,30.69,0.05,0,1,627
11835,375,9,9,120,40,32.4,0.05,0,1,627
11836,371,9,9,120,42,29.79,0.05,0,1,627
11837,20,0,0,10,3,-4.25,0.05,1,0,627
11838,13,0,0,5,2,-5.18,0.05,1,0,627
11839,400,1,1,42,12,3.8,0.05,0,1,627
11840,369,8,9,124,42,32.36,0.05,0,1,627
11841,358,9,9,124,42,29.77,0.05,0,1,627
11842,385,9,9,120,43,29.25,0.05,0,1,627
11843,388,9,9,138,43,35.87,0.05,0,1,627
11844,374,8,9,122,43,30.91,0.05,0,1,627
11845,400,4,4,76,24,13.9,0.05,0,1,627
11846,368,8,9,126,43,26.27,0.05,0,1,627
11847,50,1,1,20,7,-1.8,0.05,1,0,627
11848,352,8,9,120,40,31.63,0.05,0,1,627
11849,384,8,9,128,43,34.41,0.05,0,1,627
11850,400,4,4,115,37,26.95,0.05,0,1,627
11851,311,9,9,119,38,29.49,0.05,0,1,627
11852,358,8,9,124,44,32.57,0.05,0,1,627
11853,334,9,9,122,37,36.86,0.05,0,1,627
11854,381,9,9,125,43,33.14,0.05,0,1,627
11855,373,8,9,130,43,32.12,0.05,0,1,627
11856,332,8,9,112,37,26.73,0.05,0,1,627
11857,400,3,3,56,17,8.35,0.05,0,1,627
11858,388,9,9,121,46,26.32,0.05,0,1,627
11859,400,9,9,122,43,33.65,0.05,0,1,627
11860,383,8,9,119,44,26.12,0.05,0,1,627
11861,389,8,9,128,43,32.41,0.05,0,1,627
11862,372,9,9,123,41,33.68,0.05,0,1,627
11863,374,9,9,114,41,29.76,0.05,0,1,627
11864,330,9,9,119,37,35.3,0.05,0,1,627
11865,383,9,9,122,45,27.87,0.05,0,1,627
11866,343,9,9,127,38,34.17,0.05,0,1,627
11867,44,0,0,26,6,0.21,0.05,1,0,627
11868,42,0,0,21,6,-2.02,0.05,1,0,627
11869,27,0,0,11,4,-4.17,0.05,1,0,627
11870,366,8,9,123,42,29.34,0.05,0,1,627
11871,390,8,9,134,44,35.65,0.05,0,1,627
11872,380,9,9,120,46,25.95,0.05,0,1,627
11873,340,8,9,117,38,33.55,0.05,0,1,627
11874,400,0,0,0,0,-4.35,0.05,0,1,627
11875,395,8,9,123,47,24.75,0.05,0,1,627
11876,383,9,9,127,45,32.42,0.05,0,1,627
11877,381,8,9,124,47,30.54,0.05,0,1,627
11878,351,9,9,121,40,37.54,0.05,0,1,627
11879,357,9,9,130,42,27.88,0.05,0,1,627
11880,374,9,9,117,42,26.51,0.05,0,1,627
11881,365,9,9,129,41,35.35,0.05,0,1,627
11882,354,9,9,121,39,32.01,0.05,0,1,627
11883,400,7,7,113,37,28.6,0.05,0,1,627
11884,363,8,9,128,41,34.62,0.05,0,1,627
11885,365,9,9,115,42,28.4,0.05,0,1,627
11886,384,8,9,121,44,29.66,0.05,0,1,627
11887,400,8,8,116,43,31.6,0.05,0,1,627
11888,20,1,1,9,3,-4.05,0.05,1,0,627
11889,348,8,9,123,42,30.52,0.05,0,1,627
11890,389,9,9,123,45,33.36,0.05,0,1,627
11891,27,1,1,11,4,-4.07,0.05,1,0,627
11892,400,2,2,78,22,12.6,0.05,0,1,627
11893,356,9,9,131,42,34.14,0.05,0,1,627
11894,339,8,9,117,42,27.21,0.05,0,1,627
11895,400,3,3,64,22,11.35,0.05,0,1,627
11896,350,9,9,123,41,30.9,0.05,0,1,627
11897,275,3,3,113,33,21.5,0.05,1,0,627
11898,400,6,6,102,33,26.35,0.05,0,1,627
11899,369,9,9,125,43,32.61,0.05,0,1,627
11900,359,8,9,117,41,32.91,0.05,0,1,627
11901,383,8,9,117,45,26.37,0.05,0,1,627
11902,351,9,9,118,43,28.29,0.05,0,1,627
11903,363,8,9,123,42,33.07,0.05,0,1,627
11904,374,9,9,126,43,29.71,0.05,0,1,627
11905,333,9,9,128,40,34.47,0.05,0,1,627
11906,384,8,9,131,44,31.81,0.05,0,1,627
11907,377,8,9,122,44,32.38,0.05,0,1,627
11908,336,8,9,129,37,34.44,0.05,0,1,627
11909,400,5,5,102,33,22.05,0.05,0,1,627
11910,361,9,9,117,42,31.19,0.05,0,1,627
11911,377,9,9,118,45,25.48,0.05,0,1,627
11912,367,9,9,122,43,32.28,0.05,0,1,627
11913,389,8,9,124,45,32.41,0.05,0,1,627
11914,400,8,8,116,38,33.2,0.05,0,1,627
11915,370,8,9,124,41,35.7,0.05,0,1,627
11916,372,8,9,115,42,27.78,0.05,0,1,627
11917,357,8,9,116,40,30.28,0.05,0,1,627
11918,371,9,9,124,43,29.49,0.05,0,1,627
11919,400,7,7,137,39,36.8,0.05,0,1,627
11920,339,9,9,134,41,36.26,0.05,0,1,627
11921,377,8,9,117,42,27.38,0.05,0,1,627
11922,350,9,9,117,40,24.85,0.05,0,1,627
11923,400,5,5,121,39,24.05,0.05,0,1,627
11924,345,9,9,120,40,31.75,0.05,0,1,627
11925,338,9,9,117,40,31.87,0.05,0,1,627
11926,352,9,9,129,41,37.13,0.05,0,1,627
11927,378,9,9,119,42,32.12,0.05,0,1,627
11928,352,9,9,128,42,36.53,0.05,0,1,627
11929,368,8,9,132,43,32.47,0.05,0,1,627
11930,378,9,9,128,43,33.67,0.05,0,1,627
11931,389,9,9,111,42,28.01,0.05,0,1,627
11932,378,8,9,113,43,26.22,0.05,0,1,627
11933,342,9,9,127,39,32.03,0.05,0,1,627
11934,400,9,9,116,46,29.8,0.05,0,1,627
11935,372,8,9,131,44,31.98,0.05,0,1,627
11936,350,9,9,119,42,27.45,0.05,0,1,627
11937,400,2,2,56,16,8.7,0.05,0,1,627
11938,400,3,3,62,20,10.2,0.05,0,1,627
11939,343,8,9,126,40,36.17,0.05,0,1,627
11940,400,8,8,117,41,28.25,0.05,0,1,627
11941,368,8,9,134,43,33.97,0.05,0,1,627
11942,354,9,9,120,42,30.96,0.05,0,1,627
11943,400,3,3,51,16,9.95,0.05,0,1,627
11944,366,9,9,125,42,31.69,0.05,0,1,627
11945,375,8,9,124,44,29.65,0.05,0,1,627
11946,355,8,9,120,41,34.35,0.05,0,1,627
11947,394,9,9,133,44,31.56,0.05,0,1,627
11948,376,9,9,119,44,27.79,0.05,0,1,627
11949,385,9,9,128,43,33.3,0.05,0,1,627
11950,353,8,9,116,41,27.77,0.05,0,1,627
11951,386,9,9,129,43,33.34,0.05,0,1,627
11952,400,6,6,112,37,25.3,0.05,0,1,627
11953,400,4,4,58,24,6.8,0.05,0,1,627
11954,400,8,8,111,41,24.5,0.05,0,1,627
11955,345,8,9,113,39,26.0,0.05,0,1,627
11956,400,6,6,93,32,20.55,0.05,0,1,627
11957,400,2,2,48,16,8.6,0.05,0,1,627
11958,400,3,3,85,29,17.0,0.05,0,1,627
11959,400,8,8,122,36,35.3,0.05,0,1,627
11960,400,1,1,40,14,1.8,0.05,0,1,627
11961,400,2,2,45,12,7.5,0.05,0,1,627
11962,337,9,9,117,41,31.18,0.05,0,1,627
11963,249,6,6,98,30,19.31,0.05,1,0,627
11964,367,8,9,124,42,33.33,0.05,0,1,627
11965,361,9,9,124,42,30.84,0.05,0,1,627
11966,391,9,9,124,45,28.59,0.05,0,1,627
11967,374,9,9,127,43,31.76,0.05,0,1,627
11968,400,8,8,120,46,31.05,0.05,0,1,627
11969,400,5,5,117,38,27.05,0.05,0,1,627
11970,334,8,9,119,40,29.11,0.05,0,1,627
11971,333,9,9,120,40,26.92,0.05,0,1,627
11972,376,8,9,116,43,30.59,0.05,0,1,627
11973,378,9,9,113,42,27.07,0.05,0,1,627
11974,380,8,9,132,44,31.8,0.05,0,1,627
11975,398,9,9,126,45,33.87,0.05,0,1,627
11976,345,9,9,123,41,32.75,0.05,0,1,627
11977,349,9,9,123,42,32.31,0.05,0,1,627
11978,329,9,9,112,37,32.66,0.05,0,1,627
11979,20,0,0,8,3,-5.0,0.05,1,0,627
11980,386,9,9,122,43,33.39,0.05,0,1,627
11981,400,8,8,123,46,29.9,0.05,0,1,627
11982,396,8,9,127,43,35.19,0.05,0,1,627
11983,390,9,9,128,44,30.15,0.05,0,1,627
11984,400,0,0,21,7,0.9,0.05,0,1,627
11985,400,6,6,107,33,21.65,0.05,0,1,627
11986,378,8,9,123,41,33.67,0.05,0,1,627
11987,372,9,9,127,44,28.38,0.05,0,1,627
11988,400,8,8,111,33,28.95,0.05,0,1,627
11989,342,9,9,112,39,28.83,0.05,0,1,627
11990,317,9,9,116,37,28.58,0.05,0,1,627
11991,400,1,1,30,10,-1.75,0.05,0,1,627
11992,365,9,9,120,42,28.15,0.05,0,1,627
11993,363,9,9,127,43,33.72,0.05,0,1,627
11994,400,6,6,97,31,18.25,0.05,0,1,627
11995,400,5,5,91,28,22.6,0.05,0,1,627
11996,337,9,9,114,40,26.98,0.05,0,1,627
11997,342,8,9,118,38,31.83,0.05,0,1,627
11998,400,3,3,96,31,18.1,0.05,0,1,627
11999,337,8,9,125,40,33.13,0.05,0,1,627
12000,353,8,9,127,41,33.52,0.05,0,1,627
